File: ,C:\Drone processing\AFDrought\oct14_20\201014\b3\CCR\100001251773.JPG

Parameters:,Emissivity:,1.00 
,Refl. temp.:,22.0 °C
,Distance:,0.0 m
,Atmospheric temp.:,20.0 °C
,Ext. optics temp.:,45.2 °C
,Ext. optics trans.:,0.8 
,Relative humidity:,50.0 %
,
Frame 1,49.476,49.806,50.135,50.145,50.156,50.262,50.367,50.145,49.923,48.632,47.328,46.086,44.832,44.289,43.744,43.599,43.454,43.274,43.095,43.342,43.588,43.509,43.431,42.859,42.285,42.307,42.330,42.047,41.764,41.162,40.556,40.533,40.510,40.830,41.150,40.910,40.670,40.200,39.728,39.358,38.987,39.045,39.103,39.196,39.288,39.056,38.824,39.010,39.196,39.393,39.589,39.346,39.103,38.801,38.498,38.684,38.871,38.882,38.894,38.253,37.608,38.054,38.498,38.615,38.731,38.510,38.288,37.949,37.608,37.396,37.184,37.031,36.877,36.818,36.759,36.995,37.231,37.549,37.866,38.136,38.405,38.568,38.731,38.007,37.279,36.664,36.046,36.177,36.308,36.699,37.090,37.184,37.279,37.361,37.443,37.290,37.137,37.220,37.302,37.432,37.561,37.596,37.632,37.561,37.491,37.326,37.161,37.208,37.255,37.172,37.090,36.913,36.735,36.948,37.161,37.137,37.113,37.113,37.113,37.125,37.137,36.972,36.806,36.688,36.569,36.498,36.427,36.498,36.569,36.628,36.688,36.794,36.901,36.818,36.735,36.534,36.332,36.129,35.927,36.189,36.450,36.557,36.664,36.628,36.593,36.545,36.498,36.391,36.284,36.510,36.735,36.450,36.165,36.462,36.759,36.723,36.688,36.830,36.972,36.818,36.664,36.177,35.688,35.784,35.879,36.165,36.450,36.498,36.545,36.747,36.948,36.889,36.830,36.853,36.877,36.865,36.853,36.711,36.569,36.747,36.924,37.137,37.349,37.290,37.231,37.373,37.514,37.314,37.113,37.455,37.796,37.995,38.194,38.206,38.218,38.066,37.913,37.949,37.984,37.866,37.749,37.866,37.984,38.405,38.824,38.836,38.847,39.080,39.312,39.045,38.778,38.591,38.405,38.521,38.638,38.673,38.708,38.975,39.242,39.172,39.103,38.917,38.731,38.673,38.615,38.859,39.103,38.859,38.615,38.743,38.871,38.731,38.591,38.673,38.754,38.358,37.960,37.749,37.538,37.960,38.381,38.521,38.661,38.743,38.824,38.871,38.917,38.836,38.754,38.778,38.801,39.312,39.820,40.556,41.287,40.922,40.556,40.968,41.378,41.173,40.968,40.533,40.096,40.407,40.716,41.719,42.713,43.297,43.878,44.378,44.877,44.744,44.611,44.976,45.340,44.921,44.500,43.755,43.005,42.251,41.492,41.821,42.149,42.465,42.781,42.488,42.194,42.047,41.900,41.673,41.446,41.310,41.173,40.842,40.510,40.613,40.716,40.762,40.808,40.590,40.372,40.498
,49.113,49.113,49.113,49.343,49.572,49.970,50.367,49.997,49.625,48.380,47.122,45.900,44.666,44.100,43.532,43.246,42.960,43.000,43.039,43.263,43.487,43.358,43.230,42.865,42.499,42.200,41.900,41.514,41.127,40.733,40.338,40.321,40.303,40.407,40.510,40.298,40.085,39.791,39.497,39.341,39.184,39.341,39.497,39.549,39.601,39.196,38.789,38.812,38.836,38.946,39.056,38.830,38.603,38.451,38.300,38.626,38.952,38.929,38.905,38.440,37.972,38.463,38.952,38.993,39.033,38.818,38.603,38.206,37.808,37.632,37.455,37.385,37.314,37.343,37.373,37.408,37.443,37.702,37.960,38.264,38.568,38.515,38.463,37.861,37.255,36.794,36.332,36.634,36.936,37.184,37.432,37.432,37.432,37.320,37.208,37.155,37.102,37.249,37.396,37.467,37.538,37.567,37.596,37.714,37.831,37.667,37.502,37.390,37.279,37.196,37.113,36.942,36.771,37.060,37.349,37.461,37.573,37.526,37.479,37.396,37.314,37.178,37.043,36.877,36.711,36.575,36.439,36.569,36.699,36.759,36.818,36.859,36.901,36.753,36.605,36.409,36.213,35.951,35.688,35.939,36.189,36.355,36.522,36.462,36.403,36.397,36.391,36.332,36.272,36.528,36.782,36.622,36.462,36.723,36.983,36.901,36.818,37.060,37.302,36.942,36.581,36.231,35.879,36.028,36.177,36.409,36.640,36.534,36.427,36.534,36.640,36.611,36.581,36.534,36.486,36.510,36.534,36.492,36.450,36.504,36.557,36.830,37.102,37.096,37.090,37.172,37.255,37.125,36.995,37.220,37.443,37.643,37.843,37.943,38.042,37.919,37.796,37.837,37.878,37.790,37.702,37.802,37.902,38.136,38.370,38.422,38.475,38.748,39.022,38.859,38.696,38.498,38.300,38.498,38.696,38.748,38.801,39.068,39.335,39.138,38.940,38.998,39.056,39.097,39.138,39.039,38.940,38.696,38.451,38.597,38.743,38.539,38.335,38.434,38.533,38.352,38.171,38.107,38.042,38.282,38.521,38.702,38.882,39.039,39.196,39.352,39.508,39.416,39.323,39.393,39.462,39.872,40.280,41.065,41.844,41.583,41.321,41.361,41.401,41.389,41.378,41.008,40.636,40.813,40.990,41.934,42.871,43.755,44.633,44.888,45.142,44.899,44.655,44.644,44.633,44.184,43.733,43.470,43.207,42.617,42.025,42.386,42.747,43.000,43.252,42.764,42.274,42.087,41.900,41.838,41.776,41.526,41.275,40.985,40.693,40.682,40.670,40.676,40.682,40.487,40.292,40.498
,48.750,48.417,48.084,48.535,48.985,49.678,50.367,49.848,49.327,48.127,46.915,45.714,44.500,43.911,43.319,42.893,42.465,42.724,42.983,43.185,43.386,43.207,43.028,42.871,42.713,42.093,41.469,40.979,40.487,40.303,40.119,40.108,40.096,39.981,39.866,39.682,39.497,39.381,39.265,39.323,39.381,39.635,39.889,39.901,39.912,39.335,38.754,38.615,38.475,38.498,38.521,38.311,38.101,38.101,38.101,38.568,39.033,38.975,38.917,38.626,38.335,38.871,39.404,39.369,39.335,39.126,38.917,38.463,38.007,37.866,37.726,37.737,37.749,37.866,37.984,37.820,37.655,37.855,38.054,38.393,38.731,38.463,38.194,37.714,37.231,36.924,36.617,37.090,37.561,37.667,37.773,37.679,37.585,37.279,36.972,37.019,37.066,37.279,37.491,37.502,37.514,37.538,37.561,37.866,38.171,38.007,37.843,37.573,37.302,37.220,37.137,36.972,36.806,37.172,37.538,37.784,38.031,37.937,37.843,37.667,37.491,37.385,37.279,37.066,36.853,36.652,36.450,36.640,36.830,36.889,36.948,36.924,36.901,36.688,36.474,36.284,36.094,35.772,35.449,35.688,35.927,36.153,36.379,36.296,36.213,36.248,36.284,36.272,36.260,36.545,36.830,36.794,36.759,36.983,37.208,37.078,36.948,37.290,37.632,37.066,36.498,36.284,36.070,36.272,36.474,36.652,36.830,36.569,36.308,36.320,36.332,36.332,36.332,36.213,36.094,36.153,36.213,36.272,36.332,36.260,36.189,36.522,36.853,36.901,36.948,36.972,36.995,36.936,36.877,36.983,37.090,37.290,37.491,37.679,37.866,37.773,37.679,37.726,37.773,37.714,37.655,37.737,37.820,37.866,37.913,38.007,38.101,38.416,38.731,38.673,38.615,38.405,38.194,38.475,38.754,38.824,38.894,39.161,39.427,39.103,38.778,39.080,39.381,39.520,39.658,39.219,38.778,38.533,38.288,38.451,38.615,38.346,38.077,38.194,38.311,38.346,38.381,38.463,38.545,38.603,38.661,38.882,39.103,39.335,39.566,39.832,40.096,39.993,39.889,40.004,40.119,40.430,40.739,41.571,42.398,42.240,42.081,41.753,41.423,41.605,41.787,41.480,41.173,41.218,41.264,42.149,43.028,44.212,45.384,45.395,45.406,45.053,44.700,44.312,43.922,43.442,42.960,43.185,43.409,42.983,42.556,42.949,43.342,43.532,43.722,43.039,42.353,42.127,41.900,42.002,42.104,41.742,41.378,41.127,40.876,40.750,40.624,40.590,40.556,40.384,40.211,40.498
,48.342,48.051,47.760,48.218,48.675,49.273,49.869,49.551,49.231,48.105,46.970,45.692,44.400,43.850,43.297,42.899,42.499,42.572,42.646,43.095,43.543,43.207,42.871,42.477,42.081,41.378,40.670,40.263,39.855,39.693,39.531,39.508,39.485,39.398,39.312,39.167,39.022,39.016,39.010,39.144,39.277,39.508,39.739,39.589,39.439,39.004,38.568,38.463,38.358,38.317,38.276,38.136,37.995,38.001,38.007,38.387,38.766,38.719,38.673,38.871,39.068,39.468,39.866,39.462,39.056,38.981,38.905,38.504,38.101,38.077,38.054,38.323,38.591,38.673,38.754,38.469,38.183,38.300,38.416,38.603,38.789,38.422,38.054,37.626,37.196,37.137,37.078,37.485,37.890,38.060,38.229,37.902,37.573,37.255,36.936,37.054,37.172,37.290,37.408,37.514,37.620,37.696,37.773,38.095,38.416,38.212,38.007,37.690,37.373,37.337,37.302,37.149,36.995,37.361,37.726,37.814,37.902,37.861,37.820,37.702,37.585,37.508,37.432,37.178,36.924,36.729,36.534,36.717,36.901,37.043,37.184,37.078,36.972,36.794,36.617,36.332,36.046,35.760,35.473,35.879,36.284,36.361,36.439,36.409,36.379,36.444,36.510,36.444,36.379,36.688,36.995,37.084,37.172,37.632,38.089,37.614,37.137,37.385,37.632,37.178,36.723,36.439,36.153,36.219,36.284,36.516,36.747,36.510,36.272,36.367,36.462,36.516,36.569,36.361,36.153,36.106,36.058,36.147,36.236,36.100,35.963,36.355,36.747,36.865,36.983,37.013,37.043,36.883,36.723,36.830,36.936,37.072,37.208,37.402,37.596,37.643,37.690,37.731,37.773,37.620,37.467,37.496,37.526,37.620,37.714,37.825,37.937,38.410,38.882,38.743,38.603,38.504,38.405,38.644,38.882,38.952,39.022,39.288,39.555,39.352,39.149,39.358,39.566,39.572,39.578,39.277,38.975,38.690,38.405,38.387,38.370,38.165,37.960,38.107,38.253,38.335,38.416,38.545,38.673,38.731,38.789,38.940,39.091,39.323,39.555,39.878,40.200,40.321,40.441,40.378,40.315,40.705,41.093,41.509,41.923,41.781,41.639,41.685,41.730,41.622,41.514,41.537,41.560,41.787,42.013,42.533,43.050,43.789,44.522,44.716,44.910,44.406,43.900,43.649,43.398,42.769,42.138,42.403,42.668,42.753,42.837,42.826,42.814,42.837,42.859,42.415,41.968,42.403,42.837,43.146,43.454,42.949,42.443,41.940,41.435,40.973,40.510,40.412,40.315,40.188,40.062,40.590
,47.933,47.685,47.436,47.901,48.363,48.867,49.369,49.252,49.135,48.084,47.024,45.670,44.300,43.789,43.274,42.904,42.533,42.420,42.307,43.005,43.699,43.207,42.713,42.081,41.446,40.659,39.866,39.543,39.219,39.080,38.940,38.905,38.871,38.812,38.754,38.650,38.545,38.650,38.754,38.964,39.172,39.381,39.589,39.277,38.964,38.673,38.381,38.311,38.241,38.136,38.031,37.960,37.890,37.902,37.913,38.206,38.498,38.463,38.428,39.115,39.797,40.062,40.326,39.555,38.778,38.836,38.894,38.545,38.194,38.288,38.381,38.905,39.427,39.474,39.520,39.115,38.708,38.743,38.778,38.812,38.847,38.381,37.913,37.538,37.161,37.349,37.538,37.878,38.218,38.451,38.684,38.124,37.561,37.231,36.901,37.090,37.279,37.302,37.326,37.526,37.726,37.855,37.984,38.323,38.661,38.416,38.171,37.808,37.443,37.455,37.467,37.326,37.184,37.549,37.913,37.843,37.773,37.784,37.796,37.737,37.679,37.632,37.585,37.290,36.995,36.806,36.617,36.794,36.972,37.196,37.420,37.231,37.043,36.901,36.759,36.379,35.998,35.748,35.497,36.070,36.640,36.569,36.498,36.522,36.545,36.640,36.735,36.617,36.498,36.830,37.161,37.373,37.585,38.276,38.964,38.148,37.326,37.479,37.632,37.290,36.948,36.593,36.236,36.165,36.094,36.379,36.664,36.450,36.236,36.415,36.593,36.699,36.806,36.510,36.213,36.058,35.903,36.022,36.141,35.939,35.736,36.189,36.640,36.830,37.019,37.054,37.090,36.830,36.569,36.676,36.782,36.853,36.924,37.125,37.326,37.514,37.702,37.737,37.773,37.526,37.279,37.255,37.231,37.373,37.514,37.643,37.773,38.405,39.033,38.812,38.591,38.603,38.615,38.812,39.010,39.080,39.149,39.416,39.682,39.601,39.520,39.635,39.751,39.624,39.497,39.335,39.172,38.847,38.521,38.323,38.124,37.984,37.843,38.019,38.194,38.323,38.451,38.626,38.801,38.859,38.917,38.998,39.080,39.312,39.543,39.924,40.303,40.647,40.990,40.750,40.510,40.979,41.446,41.446,41.446,41.321,41.196,41.617,42.036,41.639,41.241,41.594,41.946,42.353,42.758,42.916,43.073,43.364,43.655,44.034,44.411,43.755,43.095,42.983,42.871,42.093,41.310,41.617,41.923,42.522,43.118,42.702,42.285,42.138,41.991,41.787,41.583,42.679,43.766,44.278,44.788,44.145,43.498,42.747,41.991,41.196,40.395,40.234,40.073,39.993,39.912,40.682
,47.652,47.598,47.544,48.003,48.460,48.776,49.092,48.921,48.750,47.787,46.817,45.818,44.810,44.073,43.330,42.949,42.567,42.556,42.544,43.005,43.465,42.871,42.274,41.719,41.162,40.395,39.624,39.288,38.952,38.696,38.440,38.358,38.276,38.294,38.311,38.259,38.206,38.364,38.521,38.638,38.754,38.865,38.975,38.795,38.615,38.428,38.241,38.142,38.042,37.954,37.866,37.843,37.820,37.896,37.972,38.276,38.580,38.661,38.743,39.404,40.062,40.229,40.395,39.612,38.824,38.714,38.603,38.346,38.089,38.346,38.603,39.283,39.958,39.993,40.027,39.751,39.474,39.294,39.115,39.027,38.940,38.416,37.890,37.685,37.479,37.638,37.796,38.259,38.719,38.766,38.812,38.440,38.066,37.726,37.385,37.485,37.585,37.561,37.538,37.690,37.843,37.878,37.913,38.229,38.545,38.556,38.568,38.264,37.960,37.931,37.902,37.902,37.902,38.019,38.136,37.954,37.773,37.802,37.831,37.749,37.667,37.661,37.655,37.538,37.420,37.332,37.243,37.396,37.549,37.602,37.655,37.379,37.102,36.930,36.759,36.373,35.986,35.885,35.784,36.456,37.125,36.818,36.510,36.670,36.830,36.842,36.853,36.800,36.747,37.072,37.396,37.831,38.264,38.615,38.964,38.381,37.796,37.685,37.573,37.332,37.090,36.717,36.344,36.308,36.272,36.593,36.913,36.729,36.545,36.581,36.617,36.723,36.830,36.599,36.367,36.135,35.903,35.903,35.903,35.807,35.712,36.082,36.450,36.622,36.794,36.995,37.196,36.995,36.794,36.877,36.960,36.948,36.936,37.196,37.455,37.667,37.878,37.943,38.007,37.690,37.373,37.267,37.161,37.385,37.608,37.614,37.620,38.229,38.836,38.696,38.556,38.556,38.556,38.714,38.871,39.039,39.207,39.358,39.508,39.450,39.393,39.491,39.589,39.595,39.601,39.306,39.010,38.743,38.475,38.381,38.288,38.136,37.984,38.212,38.440,38.498,38.556,38.585,38.615,38.737,38.859,39.010,39.161,39.352,39.543,39.958,40.372,40.424,40.475,40.027,39.578,39.924,40.269,40.544,40.819,40.956,41.093,41.480,41.866,41.492,41.116,41.395,41.673,42.149,42.623,42.887,43.151,43.235,43.319,43.872,44.423,43.582,42.736,42.200,41.662,41.207,40.750,40.888,41.025,41.656,42.285,42.194,42.104,41.815,41.526,41.514,41.503,42.477,43.442,44.195,44.943,44.816,44.689,43.950,43.207,42.149,41.082,40.567,40.050,39.918,39.785,40.613
,47.371,47.512,47.652,48.105,48.557,48.685,48.814,48.589,48.363,47.490,46.611,45.966,45.318,44.356,43.386,42.994,42.601,42.691,42.781,43.005,43.230,42.533,41.832,41.355,40.876,40.131,39.381,39.033,38.684,38.311,37.937,37.808,37.679,37.773,37.866,37.866,37.866,38.077,38.288,38.311,38.335,38.346,38.358,38.311,38.264,38.183,38.101,37.972,37.843,37.773,37.702,37.726,37.749,37.890,38.031,38.346,38.661,38.859,39.056,39.693,40.326,40.395,40.464,39.670,38.871,38.591,38.311,38.148,37.984,38.405,38.824,39.658,40.487,40.510,40.533,40.384,40.234,39.843,39.450,39.242,39.033,38.451,37.866,37.831,37.796,37.925,38.054,38.638,39.219,39.080,38.940,38.754,38.568,38.218,37.866,37.878,37.890,37.820,37.749,37.855,37.960,37.902,37.843,38.136,38.428,38.696,38.964,38.719,38.475,38.405,38.335,38.475,38.615,38.486,38.358,38.066,37.773,37.820,37.866,37.761,37.655,37.690,37.726,37.784,37.843,37.855,37.866,37.995,38.124,38.007,37.890,37.526,37.161,36.960,36.759,36.367,35.974,36.022,36.070,36.842,37.608,37.066,36.522,36.818,37.113,37.043,36.972,36.983,36.995,37.314,37.632,38.288,38.940,38.952,38.964,38.615,38.264,37.890,37.514,37.373,37.231,36.842,36.450,36.450,36.450,36.806,37.161,37.007,36.853,36.747,36.640,36.747,36.853,36.688,36.522,36.213,35.903,35.784,35.664,35.676,35.688,35.974,36.260,36.415,36.569,36.936,37.302,37.161,37.019,37.078,37.137,37.043,36.948,37.267,37.585,37.820,38.054,38.148,38.241,37.855,37.467,37.279,37.090,37.396,37.702,37.585,37.467,38.054,38.638,38.580,38.521,38.510,38.498,38.615,38.731,38.998,39.265,39.300,39.335,39.300,39.265,39.346,39.427,39.566,39.705,39.277,38.847,38.638,38.428,38.440,38.451,38.288,38.124,38.405,38.684,38.673,38.661,38.545,38.428,38.615,38.801,39.022,39.242,39.393,39.543,39.993,40.441,40.200,39.958,39.300,38.638,38.859,39.080,39.635,40.188,40.590,40.990,41.344,41.696,41.344,40.990,41.196,41.401,41.946,42.488,42.859,43.230,43.106,42.983,43.710,44.434,43.409,42.375,41.412,40.441,40.315,40.188,40.154,40.119,40.785,41.446,41.685,41.923,41.492,41.059,41.241,41.423,42.274,43.118,44.112,45.097,45.483,45.867,45.142,44.411,43.095,41.764,40.899,40.027,39.843,39.658,40.544
,47.111,47.214,47.317,47.631,47.944,48.057,48.170,48.095,48.019,47.420,46.817,46.026,45.230,44.139,43.039,42.634,42.228,42.245,42.262,42.262,42.262,41.770,41.275,40.710,40.142,39.607,39.068,38.714,38.358,37.978,37.596,37.508,37.420,37.502,37.585,37.608,37.632,37.737,37.843,37.866,37.890,37.855,37.820,37.849,37.878,37.843,37.808,37.731,37.655,37.549,37.443,37.626,37.808,37.907,38.007,38.305,38.603,38.964,39.323,39.693,40.062,40.045,40.027,39.491,38.952,38.871,38.789,38.638,38.486,38.638,38.789,39.531,40.269,40.372,40.475,40.246,40.016,39.872,39.728,39.578,39.427,38.667,37.902,38.031,38.159,38.708,39.254,39.785,40.315,40.073,39.832,39.462,39.091,38.748,38.405,38.264,38.124,38.095,38.066,38.019,37.972,37.919,37.866,38.358,38.847,39.306,39.762,39.364,38.964,38.772,38.580,38.766,38.952,38.783,38.615,38.375,38.136,38.130,38.124,37.902,37.679,37.743,37.808,37.984,38.159,38.253,38.346,38.381,38.416,38.159,37.902,37.696,37.491,37.214,36.936,36.694,36.450,36.349,36.248,36.759,37.267,36.978,36.688,36.871,37.054,37.078,37.102,37.155,37.208,37.414,37.620,38.089,38.556,38.725,38.894,38.801,38.708,38.124,37.538,37.308,37.078,36.812,36.545,36.611,36.676,36.972,37.267,37.243,37.220,36.954,36.688,36.717,36.747,36.711,36.676,36.278,35.879,35.778,35.676,35.730,35.784,36.082,36.379,36.593,36.806,37.054,37.302,37.249,37.196,37.273,37.349,37.267,37.184,37.485,37.784,37.978,38.171,38.229,38.288,38.036,37.784,37.520,37.255,37.620,37.984,37.808,37.632,37.960,38.288,38.445,38.603,38.492,38.381,38.521,38.661,38.905,39.149,39.190,39.230,39.068,38.905,39.033,39.161,39.294,39.427,39.178,38.929,38.836,38.743,38.638,38.533,38.364,38.194,38.393,38.591,38.486,38.381,38.352,38.323,38.504,38.684,38.812,38.940,39.207,39.474,39.797,40.119,39.791,39.462,38.900,38.335,38.440,38.545,39.103,39.658,40.453,41.241,41.543,41.844,41.327,40.808,40.750,40.693,41.196,41.696,42.228,42.758,42.910,43.061,43.537,44.011,43.347,42.679,41.707,40.727,40.504,40.280,40.636,40.990,41.321,41.651,41.798,41.946,41.634,41.321,41.338,41.355,41.912,42.465,43.342,44.212,44.677,45.142,44.849,44.556,43.448,42.330,41.418,40.498,40.223,39.947,40.561
,46.850,46.915,46.981,47.154,47.328,47.425,47.523,47.598,47.674,47.349,47.024,46.086,45.142,43.922,42.691,42.274,41.855,41.798,41.742,41.514,41.287,41.002,40.716,40.062,39.404,39.080,38.754,38.393,38.031,37.643,37.255,37.208,37.161,37.231,37.302,37.349,37.396,37.396,37.396,37.420,37.443,37.361,37.279,37.385,37.491,37.502,37.514,37.491,37.467,37.326,37.184,37.526,37.866,37.925,37.984,38.264,38.545,39.068,39.589,39.693,39.797,39.693,39.589,39.312,39.033,39.149,39.265,39.126,38.987,38.871,38.754,39.404,40.050,40.234,40.418,40.108,39.797,39.901,40.004,39.912,39.820,38.882,37.937,38.229,38.521,39.485,40.441,40.922,41.401,41.059,40.716,40.165,39.612,39.277,38.940,38.650,38.358,38.370,38.381,38.183,37.984,37.937,37.890,38.580,39.265,39.912,40.556,40.004,39.450,39.138,38.824,39.056,39.288,39.080,38.871,38.684,38.498,38.440,38.381,38.042,37.702,37.796,37.890,38.183,38.475,38.650,38.824,38.766,38.708,38.311,37.913,37.866,37.820,37.467,37.113,37.019,36.924,36.676,36.427,36.676,36.924,36.889,36.853,36.924,36.995,37.113,37.231,37.326,37.420,37.514,37.608,37.890,38.171,38.498,38.824,38.987,39.149,38.358,37.561,37.243,36.924,36.782,36.640,36.771,36.901,37.137,37.373,37.479,37.585,37.161,36.735,36.688,36.640,36.735,36.830,36.344,35.855,35.772,35.688,35.784,35.879,36.189,36.498,36.771,37.043,37.172,37.302,37.337,37.373,37.467,37.561,37.491,37.420,37.702,37.984,38.136,38.288,38.311,38.335,38.218,38.101,37.761,37.420,37.843,38.264,38.031,37.796,37.866,37.937,38.311,38.684,38.475,38.264,38.428,38.591,38.812,39.033,39.080,39.126,38.836,38.545,38.719,38.894,39.022,39.149,39.080,39.010,39.033,39.056,38.836,38.615,38.440,38.264,38.381,38.498,38.300,38.101,38.159,38.218,38.393,38.568,38.603,38.638,39.022,39.404,39.601,39.797,39.381,38.964,38.498,38.031,38.019,38.007,38.568,39.126,40.315,41.492,41.742,41.991,41.310,40.624,40.303,39.981,40.441,40.899,41.594,42.285,42.713,43.140,43.364,43.588,43.286,42.983,42.002,41.013,40.693,40.372,41.116,41.855,41.855,41.855,41.912,41.968,41.776,41.583,41.435,41.287,41.548,41.810,42.567,43.319,43.867,44.411,44.556,44.700,43.800,42.893,41.934,40.968,40.602,40.234,40.579
,46.676,46.523,46.371,46.578,46.785,46.866,46.948,47.160,47.371,46.953,46.534,45.576,44.611,43.649,42.679,42.290,41.900,41.696,41.492,41.224,40.956,40.521,40.085,39.520,38.952,38.679,38.405,38.048,37.690,37.449,37.208,37.202,37.196,37.214,37.231,37.349,37.467,37.443,37.420,37.414,37.408,37.279,37.149,37.172,37.196,37.243,37.290,37.296,37.302,37.296,37.290,37.485,37.679,37.773,37.866,38.142,38.416,38.981,39.543,39.468,39.393,39.364,39.335,39.225,39.115,39.375,39.635,39.474,39.312,39.027,38.743,39.010,39.277,39.422,39.566,39.283,38.998,39.126,39.254,39.445,39.635,38.865,38.089,38.264,38.440,39.172,39.901,40.424,40.945,40.779,40.613,40.257,39.901,39.549,39.196,38.900,38.603,38.731,38.859,38.655,38.451,38.661,38.871,39.618,40.361,40.378,40.395,39.849,39.300,39.288,39.277,39.474,39.670,39.381,39.091,38.836,38.580,38.539,38.498,38.200,37.902,38.054,38.206,38.381,38.556,38.603,38.650,38.952,39.254,38.958,38.661,38.428,38.194,37.820,37.443,37.426,37.408,37.048,36.688,36.930,37.172,37.167,37.161,37.196,37.231,37.343,37.455,37.420,37.385,37.520,37.655,37.925,38.194,38.311,38.428,38.422,38.416,38.124,37.831,37.473,37.113,37.013,36.913,37.031,37.149,37.332,37.514,37.555,37.596,37.196,36.794,36.776,36.759,36.830,36.901,36.617,36.332,36.195,36.058,36.129,36.201,36.355,36.510,36.729,36.948,37.231,37.514,37.585,37.655,37.667,37.679,37.508,37.337,37.596,37.855,37.907,37.960,38.066,38.171,37.966,37.761,37.596,37.432,37.825,38.218,37.954,37.690,37.638,37.585,38.042,38.498,38.393,38.288,38.364,38.440,38.550,38.661,38.632,38.603,38.440,38.276,38.393,38.510,38.609,38.708,38.766,38.824,38.830,38.836,38.661,38.486,38.317,38.148,38.247,38.346,38.218,38.089,38.177,38.264,38.370,38.475,38.550,38.626,39.068,39.508,39.658,39.809,39.508,39.207,38.679,38.148,38.206,38.264,39.010,39.751,40.762,41.764,42.268,42.769,42.036,41.298,40.808,40.315,40.435,40.556,41.059,41.560,42.053,42.544,42.623,42.702,42.876,43.050,42.730,42.409,42.471,42.533,42.826,43.118,42.848,42.578,42.589,42.601,41.883,41.162,41.013,40.865,41.184,41.503,42.053,42.601,43.028,43.454,43.588,43.722,43.056,42.386,41.622,40.853,40.567,40.280,40.567
,46.502,46.130,45.758,45.999,46.239,46.305,46.371,46.719,47.067,46.556,46.043,45.064,44.078,43.375,42.668,42.307,41.946,41.594,41.241,40.933,40.624,40.039,39.450,38.975,38.498,38.276,38.054,37.702,37.349,37.255,37.161,37.196,37.231,37.196,37.161,37.349,37.538,37.491,37.443,37.408,37.373,37.196,37.019,36.960,36.901,36.983,37.066,37.102,37.137,37.267,37.396,37.443,37.491,37.620,37.749,38.019,38.288,38.894,39.497,39.242,38.987,39.033,39.080,39.138,39.196,39.601,40.004,39.820,39.635,39.184,38.731,38.615,38.498,38.603,38.708,38.451,38.194,38.346,38.498,38.975,39.450,38.847,38.241,38.300,38.358,38.859,39.358,39.924,40.487,40.498,40.510,40.349,40.188,39.820,39.450,39.149,38.847,39.091,39.335,39.126,38.917,39.381,39.843,40.647,41.446,40.842,40.234,39.693,39.149,39.439,39.728,39.889,40.050,39.682,39.312,38.987,38.661,38.638,38.615,38.358,38.101,38.311,38.521,38.580,38.638,38.556,38.475,39.138,39.797,39.601,39.404,38.987,38.568,38.171,37.773,37.831,37.890,37.420,36.948,37.184,37.420,37.443,37.467,37.467,37.467,37.573,37.679,37.514,37.349,37.526,37.702,37.960,38.218,38.124,38.031,37.855,37.679,37.890,38.101,37.702,37.302,37.243,37.184,37.290,37.396,37.526,37.655,37.632,37.608,37.231,36.853,36.865,36.877,36.924,36.972,36.889,36.806,36.617,36.427,36.474,36.522,36.522,36.522,36.688,36.853,37.290,37.726,37.831,37.937,37.866,37.796,37.526,37.255,37.491,37.726,37.679,37.632,37.820,38.007,37.714,37.420,37.432,37.443,37.808,38.171,37.878,37.585,37.408,37.231,37.773,38.311,38.311,38.311,38.300,38.288,38.288,38.288,38.183,38.077,38.042,38.007,38.066,38.124,38.194,38.264,38.451,38.638,38.626,38.615,38.486,38.358,38.194,38.031,38.112,38.194,38.136,38.077,38.194,38.311,38.346,38.381,38.498,38.615,39.115,39.612,39.716,39.820,39.635,39.450,38.859,38.264,38.393,38.521,39.450,40.372,41.207,42.036,42.792,43.543,42.758,41.968,41.310,40.647,40.430,40.211,40.521,40.830,41.389,41.946,41.878,41.810,42.465,43.118,43.454,43.789,44.223,44.655,44.511,44.367,43.833,43.297,43.263,43.230,41.991,40.739,40.590,40.441,40.819,41.196,41.537,41.878,42.183,42.488,42.612,42.736,42.307,41.878,41.310,40.739,40.533,40.326,40.556
,46.064,45.703,45.340,45.510,45.681,45.796,45.911,46.015,46.119,45.549,44.976,44.156,43.330,42.786,42.240,41.946,41.651,41.236,40.819,40.527,40.234,39.728,39.219,38.521,37.820,37.679,37.538,37.402,37.267,37.172,37.078,37.102,37.125,37.090,37.054,37.279,37.502,37.420,37.337,37.290,37.243,37.155,37.066,36.930,36.794,36.871,36.948,37.031,37.113,37.190,37.267,37.438,37.608,38.054,38.498,38.708,38.917,39.422,39.924,39.710,39.497,39.462,39.427,39.225,39.022,39.497,39.970,39.860,39.751,39.329,38.905,38.714,38.521,38.335,38.148,38.183,38.218,38.358,38.498,38.661,38.824,38.632,38.440,38.469,38.498,39.051,39.601,39.999,40.395,40.470,40.544,40.315,40.085,39.710,39.335,39.236,39.138,39.670,40.200,40.561,40.922,41.338,41.753,41.668,41.583,40.790,39.993,39.358,38.719,38.993,39.265,39.369,39.474,39.294,39.115,38.673,38.229,38.428,38.626,38.603,38.580,38.655,38.731,38.847,38.964,38.905,38.847,39.549,40.246,40.154,40.062,39.514,38.964,38.440,37.913,37.925,37.937,37.614,37.290,37.538,37.784,37.714,37.643,37.761,37.878,37.972,38.066,37.966,37.866,38.165,38.463,38.603,38.743,38.358,37.972,37.861,37.749,38.025,38.300,37.984,37.667,37.667,37.667,37.673,37.679,37.685,37.690,37.643,37.596,37.243,36.889,36.989,37.090,37.208,37.326,37.279,37.231,37.108,36.983,36.978,36.972,37.037,37.102,37.125,37.149,37.526,37.902,37.960,38.019,37.837,37.655,37.496,37.337,37.638,37.937,37.855,37.773,38.001,38.229,38.095,37.960,37.773,37.585,37.896,38.206,38.001,37.796,37.620,37.443,37.861,38.276,38.276,38.276,38.288,38.300,38.206,38.112,38.007,37.902,37.931,37.960,37.896,37.831,37.849,37.866,38.118,38.370,38.358,38.346,38.206,38.066,37.978,37.890,37.907,37.925,37.919,37.913,38.019,38.124,38.177,38.229,38.410,38.591,38.987,39.381,39.555,39.728,39.641,39.555,39.138,38.719,38.772,38.824,39.635,40.441,41.173,41.900,42.364,42.826,42.324,41.821,41.406,40.990,40.693,40.395,40.665,40.933,41.707,42.477,42.358,42.240,42.302,42.364,42.758,43.151,43.750,44.345,44.406,44.467,43.833,43.196,43.241,43.286,42.679,42.070,41.571,41.070,41.139,41.207,41.531,41.855,42.053,42.251,42.313,42.375,41.980,41.583,41.190,40.796,40.768,40.739,40.773
,45.626,45.274,44.921,45.020,45.120,45.285,45.450,45.307,45.164,44.533,43.900,43.241,42.578,42.194,41.810,41.583,41.355,40.876,40.395,40.119,39.843,39.416,38.987,38.066,37.137,37.078,37.019,37.102,37.184,37.090,36.995,37.007,37.019,36.983,36.948,37.208,37.467,37.349,37.231,37.172,37.113,37.113,37.113,36.901,36.688,36.759,36.830,36.960,37.090,37.113,37.137,37.432,37.726,38.486,39.242,39.393,39.543,39.947,40.349,40.177,40.004,39.889,39.774,39.312,38.847,39.393,39.935,39.901,39.866,39.474,39.080,38.812,38.545,38.066,37.585,37.913,38.241,38.370,38.498,38.346,38.194,38.416,38.638,38.638,38.638,39.242,39.843,40.073,40.303,40.441,40.579,40.280,39.981,39.601,39.219,39.323,39.427,40.246,41.059,41.980,42.893,43.263,43.632,42.679,41.719,40.739,39.751,39.022,38.288,38.545,38.801,38.847,38.894,38.905,38.917,38.358,37.796,38.218,38.638,38.847,39.056,38.998,38.940,39.115,39.288,39.254,39.219,39.958,40.693,40.705,40.716,40.039,39.358,38.708,38.054,38.019,37.984,37.808,37.632,37.890,38.148,37.984,37.820,38.054,38.288,38.370,38.451,38.416,38.381,38.801,39.219,39.242,39.265,38.591,37.913,37.866,37.820,38.159,38.498,38.264,38.031,38.089,38.148,38.054,37.960,37.843,37.726,37.655,37.585,37.255,36.924,37.113,37.302,37.491,37.679,37.667,37.655,37.596,37.538,37.479,37.420,37.549,37.679,37.561,37.443,37.761,38.077,38.089,38.101,37.808,37.514,37.467,37.420,37.784,38.148,38.031,37.913,38.183,38.451,38.475,38.498,38.112,37.726,37.984,38.241,38.124,38.007,37.831,37.655,37.949,38.241,38.241,38.241,38.276,38.311,38.124,37.937,37.831,37.726,37.820,37.913,37.726,37.538,37.502,37.467,37.784,38.101,38.089,38.077,37.925,37.773,37.761,37.749,37.702,37.655,37.702,37.749,37.843,37.937,38.007,38.077,38.323,38.568,38.859,39.149,39.393,39.635,39.647,39.658,39.416,39.172,39.149,39.126,39.820,40.510,41.139,41.764,41.934,42.104,41.889,41.673,41.503,41.332,40.956,40.579,40.808,41.036,42.025,43.005,42.837,42.668,42.138,41.605,42.059,42.510,43.274,44.034,44.300,44.567,43.833,43.095,43.218,43.342,43.364,43.386,42.544,41.696,41.458,41.218,41.526,41.832,41.923,42.013,42.013,42.013,41.651,41.287,41.070,40.853,41.002,41.150,40.990
,45.064,44.788,44.511,44.583,44.655,44.672,44.689,44.467,44.245,43.588,42.927,42.426,41.923,41.520,41.116,40.888,40.659,40.321,39.981,39.710,39.439,38.975,38.510,37.843,37.172,37.007,36.842,36.930,37.019,36.983,36.948,36.983,37.019,36.948,36.877,37.048,37.220,37.255,37.290,37.167,37.043,37.054,37.066,36.924,36.782,36.918,37.054,37.090,37.125,37.072,37.019,37.449,37.878,38.737,39.589,39.601,39.612,39.837,40.062,39.855,39.647,39.485,39.323,38.969,38.615,38.766,38.917,38.923,38.929,38.655,38.381,38.142,37.902,37.784,37.667,38.031,38.393,38.568,38.743,38.585,38.428,38.451,38.475,38.515,38.556,39.167,39.774,39.872,39.970,40.073,40.177,39.953,39.728,39.537,39.346,39.456,39.566,40.527,41.480,42.556,43.621,43.241,42.859,42.448,42.036,41.150,40.257,39.491,38.719,38.946,39.172,38.836,38.498,38.550,38.603,38.253,37.902,38.574,39.242,39.294,39.346,39.341,39.335,39.404,39.474,39.514,39.555,39.999,40.441,40.561,40.682,40.217,39.751,39.161,38.568,38.457,38.346,38.206,38.066,38.083,38.101,38.247,38.393,38.702,39.010,38.958,38.905,38.766,38.626,38.847,39.068,38.905,38.743,38.480,38.218,38.153,38.089,38.340,38.591,38.364,38.136,38.066,37.995,37.896,37.796,37.872,37.949,37.861,37.773,37.496,37.220,37.349,37.479,37.638,37.796,37.866,37.937,38.013,38.089,38.036,37.984,38.031,38.077,38.001,37.925,38.276,38.626,38.585,38.545,38.300,38.054,37.937,37.820,38.112,38.405,38.148,37.890,38.101,38.311,38.580,38.847,38.451,38.054,38.159,38.264,38.136,38.007,37.861,37.714,37.949,38.183,38.259,38.335,38.422,38.510,38.200,37.890,37.872,37.855,37.872,37.890,37.737,37.585,37.638,37.690,37.972,38.253,38.206,38.159,37.943,37.726,37.731,37.737,37.614,37.491,37.473,37.455,37.602,37.749,37.896,38.042,38.206,38.370,38.545,38.719,38.900,39.080,39.091,39.103,39.022,38.940,39.033,39.126,39.682,40.234,40.544,40.853,40.979,41.104,41.127,41.150,41.053,40.956,40.659,40.361,40.699,41.036,41.923,42.803,42.910,43.017,42.279,41.537,41.912,42.285,43.252,44.212,44.473,44.733,44.223,43.710,43.454,43.196,43.644,44.089,43.722,43.353,42.854,42.353,42.177,42.002,42.138,42.274,42.251,42.228,42.042,41.855,41.634,41.412,41.520,41.628,41.480
,44.500,44.300,44.100,44.145,44.189,44.056,43.922,43.621,43.319,42.634,41.946,41.605,41.264,40.842,40.418,40.188,39.958,39.762,39.566,39.300,39.033,38.533,38.031,37.620,37.208,36.936,36.664,36.759,36.853,36.877,36.901,36.960,37.019,36.913,36.806,36.889,36.972,37.161,37.349,37.161,36.972,36.995,37.019,36.948,36.877,37.078,37.279,37.220,37.161,37.031,36.901,37.467,38.031,38.987,39.935,39.809,39.682,39.728,39.774,39.531,39.288,39.080,38.871,38.626,38.381,38.136,37.890,37.937,37.984,37.831,37.679,37.467,37.255,37.502,37.749,38.148,38.545,38.766,38.987,38.824,38.661,38.486,38.311,38.393,38.475,39.091,39.705,39.670,39.635,39.705,39.774,39.624,39.474,39.474,39.474,39.589,39.705,40.808,41.900,43.129,44.345,43.218,42.081,42.217,42.353,41.560,40.762,39.958,39.149,39.346,39.543,38.824,38.101,38.194,38.288,38.148,38.007,38.929,39.843,39.739,39.635,39.682,39.728,39.693,39.658,39.774,39.889,40.039,40.188,40.418,40.647,40.395,40.142,39.612,39.080,38.894,38.708,38.603,38.498,38.276,38.054,38.510,38.964,39.346,39.728,39.543,39.358,39.115,38.871,38.894,38.917,38.568,38.218,38.370,38.521,38.440,38.358,38.521,38.684,38.463,38.241,38.042,37.843,37.737,37.632,37.902,38.171,38.066,37.960,37.737,37.514,37.585,37.655,37.784,37.913,38.066,38.218,38.428,38.638,38.591,38.545,38.510,38.475,38.440,38.405,38.789,39.172,39.080,38.987,38.789,38.591,38.405,38.218,38.440,38.661,38.264,37.866,38.019,38.171,38.684,39.196,38.789,38.381,38.335,38.288,38.148,38.007,37.890,37.773,37.949,38.124,38.276,38.428,38.568,38.708,38.276,37.843,37.913,37.984,37.925,37.866,37.749,37.632,37.773,37.913,38.159,38.405,38.323,38.241,37.960,37.679,37.702,37.726,37.526,37.326,37.243,37.161,37.361,37.561,37.784,38.007,38.089,38.171,38.229,38.288,38.405,38.521,38.533,38.545,38.626,38.708,38.917,39.126,39.543,39.958,39.947,39.935,40.016,40.096,40.361,40.624,40.602,40.579,40.361,40.142,40.590,41.036,41.821,42.601,42.983,43.364,42.420,41.469,41.764,42.059,43.230,44.389,44.644,44.899,44.611,44.323,43.688,43.050,43.922,44.788,44.888,44.987,44.234,43.476,42.826,42.172,42.353,42.533,42.488,42.443,42.432,42.420,42.194,41.968,42.036,42.104,41.968
,44.067,43.844,43.621,43.582,43.543,43.325,43.106,42.663,42.217,41.690,41.162,40.808,40.453,40.119,39.785,39.641,39.497,39.306,39.115,38.801,38.486,38.036,37.585,37.337,37.090,36.978,36.865,36.847,36.830,36.901,36.972,36.978,36.983,36.889,36.794,36.889,36.983,37.090,37.196,37.060,36.924,36.989,37.054,36.954,36.853,37.043,37.231,37.261,37.290,37.196,37.102,37.520,37.937,38.830,39.716,39.762,39.809,39.809,39.809,39.485,39.161,38.783,38.405,38.118,37.831,37.538,37.243,37.379,37.514,37.326,37.137,36.989,36.842,37.137,37.432,37.773,38.112,38.340,38.568,38.615,38.661,38.545,38.428,38.515,38.603,38.842,39.080,39.393,39.705,39.664,39.624,39.560,39.497,39.503,39.508,39.658,39.809,40.773,41.730,43.005,44.267,43.129,41.980,42.319,42.657,41.736,40.808,40.188,39.566,40.252,40.933,39.935,38.929,38.667,38.405,38.714,39.022,39.814,40.602,40.435,40.269,40.039,39.809,39.647,39.485,39.797,40.108,40.171,40.234,40.596,40.956,40.870,40.785,39.999,39.207,39.062,38.917,38.783,38.650,38.644,38.638,39.039,39.439,39.630,39.820,39.404,38.987,38.638,38.288,38.364,38.440,38.317,38.194,38.323,38.451,38.661,38.871,38.987,39.103,38.958,38.812,38.708,38.603,38.655,38.708,38.905,39.103,38.812,38.521,38.165,37.808,38.071,38.335,38.346,38.358,38.335,38.311,38.486,38.661,38.632,38.603,38.725,38.847,38.818,38.789,39.085,39.381,39.294,39.207,39.045,38.882,38.795,38.708,38.853,38.998,38.615,38.229,38.212,38.194,38.504,38.812,38.882,38.952,38.673,38.393,38.130,37.866,37.902,37.937,38.124,38.311,38.405,38.498,38.684,38.871,38.428,37.984,38.148,38.311,38.276,38.241,38.112,37.984,38.054,38.124,38.264,38.405,38.300,38.194,38.025,37.855,37.773,37.690,37.543,37.396,37.267,37.137,37.261,37.385,37.626,37.866,37.825,37.784,37.808,37.831,37.990,38.148,38.241,38.335,38.440,38.545,38.737,38.929,39.312,39.693,39.560,39.427,39.549,39.670,39.878,40.085,40.102,40.119,40.050,39.981,40.188,40.395,40.853,41.310,41.713,42.115,41.611,41.104,41.446,41.787,42.983,44.167,44.760,45.351,45.351,45.351,44.655,43.956,44.128,44.300,44.362,44.423,43.861,43.297,42.910,42.522,42.657,42.792,42.556,42.319,42.454,42.589,42.403,42.217,42.257,42.296,42.115
,43.632,43.386,43.140,43.017,42.893,42.589,42.285,41.696,41.104,40.739,40.372,40.004,39.635,39.393,39.149,39.091,39.033,38.847,38.661,38.300,37.937,37.538,37.137,37.054,36.972,37.019,37.066,36.936,36.806,36.924,37.043,36.995,36.948,36.865,36.782,36.889,36.995,37.019,37.043,36.960,36.877,36.983,37.090,36.960,36.830,37.007,37.184,37.302,37.420,37.361,37.302,37.573,37.843,38.673,39.497,39.716,39.935,39.889,39.843,39.439,39.033,38.486,37.937,37.608,37.279,36.936,36.593,36.818,37.043,36.818,36.593,36.510,36.427,36.771,37.113,37.396,37.679,37.913,38.148,38.405,38.661,38.603,38.545,38.638,38.731,38.591,38.451,39.115,39.774,39.624,39.474,39.497,39.520,39.531,39.543,39.728,39.912,40.739,41.560,42.882,44.189,43.039,41.878,42.420,42.960,41.912,40.853,40.418,39.981,41.150,42.307,41.036,39.751,39.138,38.521,39.277,40.027,40.693,41.355,41.127,40.899,40.395,39.889,39.601,39.312,39.820,40.326,40.303,40.280,40.773,41.264,41.344,41.423,40.384,39.335,39.230,39.126,38.964,38.801,39.010,39.219,39.566,39.912,39.912,39.912,39.265,38.615,38.159,37.702,37.831,37.960,38.066,38.171,38.276,38.381,38.882,39.381,39.450,39.520,39.450,39.381,39.369,39.358,39.566,39.774,39.901,40.027,39.555,39.080,38.591,38.101,38.556,39.010,38.905,38.801,38.603,38.405,38.545,38.684,38.673,38.661,38.940,39.219,39.196,39.172,39.381,39.589,39.508,39.427,39.300,39.172,39.184,39.196,39.265,39.335,38.964,38.591,38.405,38.218,38.323,38.428,38.975,39.520,39.010,38.498,38.112,37.726,37.913,38.101,38.300,38.498,38.533,38.568,38.801,39.033,38.580,38.124,38.381,38.638,38.626,38.615,38.475,38.335,38.335,38.335,38.370,38.405,38.276,38.148,38.089,38.031,37.843,37.655,37.561,37.467,37.290,37.113,37.161,37.208,37.467,37.726,37.561,37.396,37.385,37.373,37.573,37.773,37.949,38.124,38.253,38.381,38.556,38.731,39.080,39.427,39.172,38.917,39.080,39.242,39.393,39.543,39.601,39.658,39.739,39.820,39.785,39.751,39.878,40.004,40.430,40.853,40.796,40.739,41.127,41.514,42.736,43.945,44.877,45.801,46.086,46.371,45.615,44.854,44.334,43.811,43.833,43.855,43.487,43.118,42.994,42.871,42.960,43.050,42.623,42.194,42.477,42.758,42.612,42.465,42.477,42.488,42.262
,42.983,42.764,42.544,42.262,41.980,41.656,41.332,40.945,40.556,40.206,39.855,39.537,39.219,39.103,38.987,38.981,38.975,38.702,38.428,37.990,37.549,37.308,37.066,36.989,36.913,37.013,37.113,37.078,37.043,37.043,37.043,37.031,37.019,36.913,36.806,36.847,36.889,36.972,37.054,36.995,36.936,36.995,37.054,36.895,36.735,36.924,37.113,37.137,37.161,37.296,37.432,37.679,37.925,38.428,38.929,39.097,39.265,39.144,39.022,38.661,38.300,37.796,37.290,37.060,36.830,36.741,36.652,36.628,36.605,36.403,36.201,36.183,36.165,36.391,36.617,36.930,37.243,37.561,37.878,38.095,38.311,38.410,38.510,38.585,38.661,38.410,38.159,38.585,39.010,39.074,39.138,39.306,39.474,39.572,39.670,39.785,39.901,40.567,41.230,42.194,43.151,42.460,41.764,41.906,42.047,41.179,40.303,40.062,39.820,41.093,42.353,41.770,41.184,40.263,39.335,39.976,40.613,40.996,41.378,41.486,41.594,41.036,40.475,40.045,39.612,40.200,40.785,40.922,41.059,41.059,41.059,41.173,41.287,40.636,39.981,40.475,40.968,40.682,40.395,40.062,39.728,40.022,40.315,40.252,40.188,39.491,38.789,38.498,38.206,38.270,38.335,38.550,38.766,38.935,39.103,39.300,39.497,39.526,39.555,39.889,40.223,40.056,39.889,40.389,40.888,41.008,41.127,40.521,39.912,39.178,38.440,39.062,39.682,39.589,39.497,39.635,39.774,39.832,39.889,39.734,39.578,39.809,40.039,39.930,39.820,39.757,39.693,39.751,39.809,39.572,39.335,39.288,39.242,39.398,39.555,39.236,38.917,38.708,38.498,38.545,38.591,39.016,39.439,38.987,38.533,38.247,37.960,38.095,38.229,38.457,38.684,38.743,38.801,38.975,39.149,38.876,38.603,38.679,38.754,38.812,38.871,38.684,38.498,38.410,38.323,38.405,38.486,38.393,38.300,38.276,38.253,38.142,38.031,37.937,37.843,37.673,37.502,37.543,37.585,37.708,37.831,37.649,37.467,37.343,37.220,37.332,37.443,37.690,37.937,38.153,38.370,38.597,38.824,39.027,39.230,39.074,38.917,39.039,39.161,39.288,39.416,39.514,39.612,39.612,39.612,39.583,39.555,39.670,39.785,40.096,40.407,40.389,40.372,40.813,41.253,42.313,43.364,44.234,45.097,45.219,45.340,44.882,44.423,43.800,43.174,42.989,42.803,42.601,42.398,42.477,42.556,43.224,43.889,43.364,42.837,42.494,42.149,42.053,41.957,41.827,41.696,41.656
,42.330,42.138,41.946,41.503,41.059,40.716,40.372,40.188,40.004,39.670,39.335,39.068,38.801,38.812,38.824,38.871,38.917,38.556,38.194,37.679,37.161,37.078,36.995,36.924,36.853,37.007,37.161,37.220,37.279,37.161,37.043,37.066,37.090,36.960,36.830,36.806,36.782,36.924,37.066,37.031,36.995,37.007,37.019,36.830,36.640,36.842,37.043,36.972,36.901,37.231,37.561,37.784,38.007,38.183,38.358,38.475,38.591,38.393,38.194,37.878,37.561,37.102,36.640,36.510,36.379,36.545,36.711,36.439,36.165,35.986,35.807,35.855,35.903,36.010,36.117,36.462,36.806,37.208,37.608,37.784,37.960,38.218,38.475,38.533,38.591,38.229,37.866,38.054,38.241,38.521,38.801,39.115,39.427,39.612,39.797,39.843,39.889,40.395,40.899,41.503,42.104,41.878,41.651,41.389,41.127,40.441,39.751,39.705,39.658,41.036,42.398,42.499,42.601,41.378,40.142,40.670,41.196,41.298,41.401,41.844,42.285,41.673,41.059,40.487,39.912,40.579,41.241,41.537,41.832,41.344,40.853,41.002,41.150,40.888,40.624,41.707,42.781,42.375,41.968,41.104,40.234,40.475,40.716,40.590,40.464,39.716,38.964,38.836,38.708,38.708,38.708,39.033,39.358,39.589,39.820,39.716,39.612,39.601,39.589,40.326,41.059,40.739,40.418,41.207,41.991,42.104,42.217,41.480,40.739,39.762,38.778,39.566,40.349,40.269,40.188,40.659,41.127,41.104,41.082,40.785,40.487,40.670,40.853,40.659,40.464,40.131,39.797,39.993,40.188,39.843,39.497,39.393,39.288,39.531,39.774,39.508,39.242,39.010,38.778,38.766,38.754,39.056,39.358,38.964,38.568,38.381,38.194,38.276,38.358,38.615,38.871,38.952,39.033,39.149,39.265,39.172,39.080,38.975,38.871,38.998,39.126,38.894,38.661,38.486,38.311,38.440,38.568,38.510,38.451,38.463,38.475,38.440,38.405,38.311,38.218,38.054,37.890,37.925,37.960,37.949,37.937,37.737,37.538,37.302,37.066,37.090,37.113,37.432,37.749,38.054,38.358,38.638,38.917,38.975,39.033,38.975,38.917,38.998,39.080,39.184,39.288,39.427,39.566,39.485,39.404,39.381,39.358,39.462,39.566,39.762,39.958,39.981,40.004,40.498,40.990,41.889,42.781,43.588,44.389,44.345,44.300,44.145,43.989,43.263,42.533,42.138,41.742,41.707,41.673,41.957,42.240,43.487,44.722,44.100,43.476,42.510,41.537,41.492,41.446,41.173,40.899,41.047
,41.673,41.452,41.230,40.870,40.510,40.223,39.935,39.785,39.635,39.387,39.138,38.981,38.824,38.807,38.789,38.743,38.696,38.370,38.042,37.673,37.302,37.149,36.995,36.954,36.913,37.048,37.184,37.237,37.290,37.113,36.936,36.954,36.972,36.924,36.877,36.966,37.054,37.178,37.302,37.202,37.102,36.913,36.723,36.658,36.593,36.800,37.007,37.037,37.066,37.184,37.302,37.514,37.726,37.679,37.632,37.720,37.808,37.708,37.608,37.373,37.137,36.913,36.688,36.622,36.557,36.652,36.747,36.379,36.010,35.951,35.891,35.879,35.867,35.861,35.855,36.159,36.462,36.830,37.196,37.320,37.443,37.679,37.913,38.101,38.288,38.031,37.773,37.878,37.984,38.206,38.428,38.731,39.033,39.346,39.658,39.889,40.119,40.435,40.750,41.492,42.228,41.878,41.526,41.036,40.544,40.275,40.004,39.803,39.601,40.630,41.651,41.764,41.878,41.213,40.544,40.979,41.412,41.446,41.480,41.878,42.274,41.917,41.560,41.042,40.521,40.830,41.139,41.389,41.639,41.196,40.750,40.790,40.830,40.990,41.150,41.804,42.454,42.426,42.398,41.742,41.082,41.264,41.446,41.389,41.332,40.418,39.497,39.422,39.346,39.404,39.462,40.108,40.750,40.899,41.047,40.882,40.716,40.768,40.819,41.446,42.070,41.832,41.594,41.668,41.742,41.895,42.047,41.554,41.059,40.372,39.682,40.447,41.207,41.344,41.480,41.764,42.047,41.889,41.730,41.628,41.526,41.793,42.059,41.458,40.853,40.647,40.441,40.567,40.693,40.200,39.705,39.560,39.416,39.658,39.901,39.520,39.138,38.981,38.824,38.702,38.580,38.812,39.045,38.783,38.521,38.387,38.253,38.370,38.486,38.603,38.719,39.132,39.543,39.497,39.450,39.230,39.010,39.062,39.115,39.115,39.115,38.952,38.789,38.626,38.463,38.545,38.626,38.498,38.370,38.422,38.475,38.329,38.183,38.200,38.218,38.224,38.229,38.235,38.241,38.177,38.112,37.896,37.679,37.491,37.302,37.290,37.279,37.591,37.902,38.142,38.381,38.609,38.836,38.853,38.871,38.830,38.789,38.824,38.859,38.935,39.010,39.213,39.416,39.352,39.288,39.294,39.300,39.445,39.589,39.751,39.912,39.935,39.958,40.435,40.910,41.475,42.036,42.584,43.129,43.011,42.893,42.629,42.364,41.991,41.617,41.566,41.514,41.480,41.446,41.560,41.673,42.691,43.699,43.554,43.409,42.651,41.889,41.645,41.401,41.059,40.716,40.842
,41.013,40.762,40.510,40.234,39.958,39.728,39.497,39.381,39.265,39.103,38.940,38.894,38.847,38.801,38.754,38.615,38.475,38.183,37.890,37.667,37.443,37.220,36.995,36.983,36.972,37.090,37.208,37.255,37.302,37.066,36.830,36.842,36.853,36.889,36.924,37.125,37.326,37.432,37.538,37.373,37.208,36.818,36.427,36.486,36.545,36.759,36.972,37.102,37.231,37.137,37.043,37.243,37.443,37.172,36.901,36.960,37.019,37.019,37.019,36.865,36.711,36.723,36.735,36.735,36.735,36.759,36.782,36.320,35.855,35.915,35.974,35.903,35.831,35.712,35.592,35.855,36.117,36.450,36.782,36.853,36.924,37.137,37.349,37.667,37.984,37.831,37.679,37.702,37.726,37.890,38.054,38.346,38.638,39.080,39.520,39.935,40.349,40.475,40.602,41.480,42.353,41.878,41.401,40.682,39.958,40.108,40.257,39.901,39.543,40.223,40.899,41.025,41.150,41.047,40.945,41.287,41.628,41.594,41.560,41.912,42.262,42.161,42.059,41.594,41.127,41.082,41.036,41.241,41.446,41.047,40.647,40.579,40.510,41.093,41.673,41.900,42.127,42.477,42.826,42.375,41.923,42.047,42.172,42.183,42.194,41.116,40.027,40.004,39.981,40.096,40.211,41.173,42.127,42.194,42.262,42.036,41.810,41.923,42.036,42.556,43.073,42.916,42.758,42.127,41.492,41.685,41.878,41.628,41.378,40.979,40.579,41.321,42.059,42.409,42.758,42.859,42.960,42.668,42.375,42.465,42.556,42.904,43.252,42.251,41.241,41.162,41.082,41.139,41.196,40.556,39.912,39.728,39.543,39.785,40.027,39.531,39.033,38.952,38.871,38.638,38.405,38.568,38.731,38.603,38.475,38.393,38.311,38.463,38.615,38.591,38.568,39.312,40.050,39.843,39.635,39.288,38.940,39.149,39.358,39.230,39.103,39.010,38.917,38.766,38.615,38.650,38.684,38.486,38.288,38.381,38.475,38.218,37.960,38.089,38.218,38.393,38.568,38.545,38.521,38.405,38.288,38.054,37.820,37.679,37.538,37.491,37.443,37.749,38.054,38.229,38.405,38.580,38.754,38.731,38.708,38.684,38.661,38.650,38.638,38.684,38.731,38.998,39.265,39.219,39.172,39.207,39.242,39.427,39.612,39.739,39.866,39.889,39.912,40.372,40.830,41.059,41.287,41.571,41.855,41.662,41.469,41.093,40.716,40.705,40.693,40.990,41.287,41.253,41.218,41.162,41.104,41.889,42.668,43.005,43.342,42.792,42.240,41.798,41.355,40.945,40.533,40.636
,40.475,40.229,39.981,39.797,39.612,39.433,39.254,39.103,38.952,38.859,38.766,38.789,38.812,38.778,38.743,38.603,38.463,38.218,37.972,37.726,37.479,37.296,37.113,37.078,37.043,37.137,37.231,37.172,37.113,36.907,36.699,36.765,36.830,36.859,36.889,37.078,37.267,37.396,37.526,37.284,37.043,36.794,36.545,36.569,36.593,36.723,36.853,36.954,37.054,36.889,36.723,36.966,37.208,36.901,36.593,36.605,36.617,36.682,36.747,36.694,36.640,36.711,36.782,36.753,36.723,36.664,36.605,36.219,35.831,35.825,35.819,35.772,35.724,35.532,35.341,35.514,35.688,36.082,36.474,36.492,36.510,36.800,37.090,37.420,37.749,37.714,37.679,37.767,37.855,37.937,38.019,38.083,38.148,38.521,38.894,39.161,39.427,39.751,40.073,40.716,41.355,40.979,40.602,40.183,39.762,40.045,40.326,39.901,39.474,39.843,40.211,40.171,40.131,40.223,40.315,40.773,41.230,41.469,41.707,41.821,41.934,41.889,41.844,41.736,41.628,41.156,40.682,40.973,41.264,41.293,41.321,41.707,42.093,42.798,43.498,42.741,41.980,41.662,41.344,41.355,41.367,41.810,42.251,42.634,43.017,41.968,40.910,40.716,40.521,40.836,41.150,42.285,43.409,43.409,43.409,43.761,44.112,44.206,44.300,43.487,42.668,42.606,42.544,41.849,41.150,41.025,40.899,40.859,40.819,40.990,41.162,41.406,41.651,42.115,42.578,42.629,42.679,42.330,41.980,42.426,42.871,43.274,43.677,43.325,42.972,42.899,42.826,42.510,42.194,41.583,40.968,40.670,40.372,40.321,40.269,39.843,39.416,39.196,38.975,38.836,38.696,38.708,38.719,38.556,38.393,38.381,38.370,38.504,38.638,38.783,38.929,39.566,40.200,39.935,39.670,39.341,39.010,39.248,39.485,39.312,39.138,39.051,38.964,38.737,38.510,38.620,38.731,38.539,38.346,38.498,38.650,38.381,38.112,38.235,38.358,38.457,38.556,38.615,38.673,38.702,38.731,38.574,38.416,38.305,38.194,38.083,37.972,38.101,38.229,38.305,38.381,38.515,38.650,38.650,38.650,38.626,38.603,38.527,38.451,38.574,38.696,38.940,39.184,39.230,39.277,39.352,39.427,39.491,39.555,39.860,40.165,40.211,40.257,40.596,40.933,41.304,41.673,41.753,41.832,41.327,40.819,40.435,40.050,40.027,40.004,40.498,40.990,41.076,41.162,41.099,41.036,41.293,41.548,41.996,42.443,42.251,42.059,41.611,41.162,40.853,40.544,40.676
,39.935,39.693,39.450,39.358,39.265,39.138,39.010,38.824,38.638,38.615,38.591,38.684,38.778,38.754,38.731,38.591,38.451,38.253,38.054,37.784,37.514,37.373,37.231,37.172,37.113,37.184,37.255,37.090,36.924,36.747,36.569,36.688,36.806,36.830,36.853,37.031,37.208,37.361,37.514,37.196,36.877,36.771,36.664,36.652,36.640,36.688,36.735,36.806,36.877,36.640,36.403,36.688,36.972,36.628,36.284,36.248,36.213,36.344,36.474,36.522,36.569,36.699,36.830,36.771,36.711,36.569,36.427,36.117,35.807,35.736,35.664,35.640,35.616,35.353,35.089,35.173,35.257,35.712,36.165,36.129,36.094,36.462,36.830,37.172,37.514,37.596,37.679,37.831,37.984,37.984,37.984,37.820,37.655,37.960,38.264,38.381,38.498,39.022,39.543,39.947,40.349,40.073,39.797,39.682,39.566,39.981,40.395,39.901,39.404,39.462,39.520,39.312,39.103,39.393,39.682,40.257,40.830,41.344,41.855,41.730,41.605,41.617,41.628,41.878,42.127,41.230,40.326,40.705,41.082,41.537,41.991,42.826,43.655,44.478,45.296,43.576,41.832,40.842,39.843,40.326,40.808,41.571,42.330,43.084,43.833,42.814,41.787,41.423,41.059,41.571,42.081,43.386,44.677,44.611,44.545,45.461,46.371,46.447,46.523,44.411,42.262,42.296,42.330,41.571,40.808,40.361,39.912,40.085,40.257,41.002,41.742,41.492,41.241,41.821,42.398,42.398,42.398,41.991,41.583,42.386,43.185,43.644,44.100,44.389,44.677,44.611,44.545,43.867,43.185,42.601,42.013,41.605,41.196,40.853,40.510,40.154,39.797,39.439,39.080,39.033,38.987,38.847,38.708,38.510,38.311,38.370,38.428,38.545,38.661,38.975,39.288,39.820,40.349,40.027,39.705,39.393,39.080,39.346,39.612,39.393,39.172,39.091,39.010,38.708,38.405,38.591,38.778,38.591,38.405,38.615,38.824,38.545,38.264,38.381,38.498,38.521,38.545,38.684,38.824,38.998,39.172,39.091,39.010,38.929,38.847,38.673,38.498,38.451,38.405,38.381,38.358,38.451,38.545,38.568,38.591,38.568,38.545,38.405,38.264,38.463,38.661,38.882,39.103,39.242,39.381,39.497,39.612,39.555,39.497,39.981,40.464,40.533,40.602,40.819,41.036,41.548,42.059,41.934,41.810,40.990,40.165,39.774,39.381,39.346,39.312,40.004,40.693,40.899,41.104,41.036,40.968,40.693,40.418,40.979,41.537,41.707,41.878,41.423,40.968,40.762,40.556,40.716
,40.050,39.791,39.531,39.445,39.358,39.178,38.998,38.824,38.650,38.626,38.603,38.801,38.998,38.905,38.812,38.778,38.743,38.440,38.136,37.902,37.667,37.491,37.314,37.308,37.302,37.267,37.231,37.048,36.865,36.788,36.711,36.853,36.995,36.883,36.771,36.913,37.054,37.267,37.479,37.267,37.054,37.066,37.078,36.954,36.830,36.776,36.723,36.729,36.735,36.539,36.344,36.492,36.640,36.284,35.927,35.921,35.915,36.129,36.344,36.278,36.213,36.474,36.735,36.782,36.830,36.747,36.664,36.266,35.867,35.772,35.676,35.568,35.461,35.353,35.245,35.281,35.317,35.610,35.903,35.969,36.034,36.409,36.782,37.167,37.549,37.632,37.714,37.849,37.984,38.071,38.159,37.919,37.679,37.990,38.300,38.364,38.428,38.783,39.138,39.329,39.520,39.277,39.033,39.213,39.393,40.125,40.853,40.401,39.947,39.474,38.998,39.103,39.207,39.734,40.257,40.521,40.785,41.025,41.264,41.361,41.458,41.566,41.673,41.759,41.844,40.962,40.073,40.384,40.693,41.668,42.634,44.411,46.163,46.360,46.556,44.284,41.968,41.184,40.395,40.785,41.173,41.821,42.465,42.713,42.960,41.889,40.808,41.002,41.196,41.980,42.758,44.284,45.791,46.321,46.850,47.019,47.187,47.198,47.208,44.705,42.149,41.702,41.253,40.973,40.693,40.177,39.658,40.016,40.372,40.962,41.548,41.156,40.762,41.184,41.605,41.736,41.866,42.217,42.567,43.314,44.056,44.167,44.278,44.594,44.910,45.461,46.010,45.186,44.356,44.245,44.134,43.386,42.634,41.685,40.727,40.361,39.993,39.699,39.404,39.341,39.277,39.080,38.882,38.714,38.545,38.603,38.661,38.795,38.929,39.196,39.462,39.958,40.453,40.229,40.004,39.664,39.323,39.526,39.728,39.589,39.450,39.346,39.242,38.946,38.650,38.807,38.964,38.900,38.836,38.882,38.929,38.515,38.101,38.276,38.451,38.422,38.393,38.550,38.708,38.958,39.207,39.178,39.149,39.097,39.045,39.115,39.184,39.068,38.952,38.842,38.731,38.714,38.696,38.772,38.847,38.748,38.650,38.550,38.451,38.626,38.801,38.923,39.045,39.254,39.462,39.503,39.543,39.572,39.601,39.930,40.257,40.395,40.533,40.785,41.036,41.435,41.832,41.917,42.002,41.070,40.131,39.716,39.300,39.184,39.068,39.722,40.372,40.647,40.922,40.802,40.682,40.584,40.487,40.676,40.865,41.144,41.423,41.173,40.922,40.756,40.590,41.065
,40.165,39.889,39.612,39.531,39.450,39.219,38.987,38.824,38.661,38.638,38.615,38.917,39.219,39.056,38.894,38.964,39.033,38.626,38.218,38.019,37.820,37.608,37.396,37.443,37.491,37.349,37.208,37.007,36.806,36.830,36.853,37.019,37.184,36.936,36.688,36.794,36.901,37.172,37.443,37.337,37.231,37.361,37.491,37.255,37.019,36.865,36.711,36.652,36.593,36.439,36.284,36.296,36.308,35.939,35.568,35.592,35.616,35.915,36.213,36.034,35.855,36.248,36.640,36.794,36.948,36.924,36.901,36.415,35.927,35.807,35.688,35.497,35.305,35.353,35.401,35.389,35.377,35.508,35.640,35.807,35.974,36.355,36.735,37.161,37.585,37.667,37.749,37.866,37.984,38.159,38.335,38.019,37.702,38.019,38.335,38.346,38.358,38.545,38.731,38.708,38.684,38.475,38.264,38.743,39.219,40.269,41.310,40.899,40.487,39.485,38.475,38.894,39.312,40.073,40.830,40.785,40.739,40.705,40.670,40.990,41.310,41.514,41.719,41.639,41.560,40.693,39.820,40.062,40.303,41.798,43.274,45.977,48.621,48.213,47.804,44.987,42.104,41.526,40.945,41.241,41.537,42.070,42.601,42.341,42.081,40.956,39.820,40.579,41.332,42.386,43.431,45.175,46.894,48.008,49.113,48.557,47.998,47.944,47.890,44.998,42.036,41.104,40.165,40.372,40.579,39.993,39.404,39.947,40.487,40.922,41.355,40.819,40.280,40.544,40.808,41.070,41.332,42.443,43.543,44.234,44.921,44.689,44.456,44.799,45.142,46.305,47.458,46.491,45.516,45.867,46.218,45.142,44.056,42.510,40.945,40.567,40.188,39.958,39.728,39.647,39.566,39.312,39.056,38.917,38.778,38.836,38.894,39.045,39.196,39.416,39.635,40.096,40.556,40.430,40.303,39.935,39.566,39.705,39.843,39.785,39.728,39.601,39.474,39.184,38.894,39.022,39.149,39.207,39.265,39.149,39.033,38.486,37.937,38.171,38.405,38.323,38.241,38.416,38.591,38.917,39.242,39.265,39.288,39.265,39.242,39.555,39.866,39.682,39.497,39.300,39.103,38.975,38.847,38.975,39.103,38.929,38.754,38.696,38.638,38.789,38.940,38.964,38.987,39.265,39.543,39.508,39.474,39.589,39.705,39.878,40.050,40.257,40.464,40.750,41.036,41.321,41.605,41.900,42.194,41.150,40.096,39.658,39.219,39.022,38.824,39.439,40.050,40.395,40.739,40.567,40.395,40.475,40.556,40.372,40.188,40.579,40.968,40.922,40.876,40.750,40.624,41.412
,40.464,40.119,39.774,39.641,39.508,39.294,39.080,38.998,38.917,38.958,38.998,39.294,39.589,39.560,39.531,39.300,39.068,38.644,38.218,38.013,37.808,37.737,37.667,37.643,37.620,37.420,37.220,37.102,36.983,37.013,37.043,37.137,37.231,37.072,36.913,37.019,37.125,37.326,37.526,37.432,37.337,37.449,37.561,37.385,37.208,37.072,36.936,36.771,36.605,36.332,36.058,36.171,36.284,35.861,35.437,35.455,35.473,35.801,36.129,36.123,36.117,36.391,36.664,36.753,36.842,36.871,36.901,36.480,36.058,35.861,35.664,35.556,35.449,35.520,35.592,35.634,35.676,35.742,35.807,35.974,36.141,36.444,36.747,37.084,37.420,37.643,37.866,37.943,38.019,38.112,38.206,38.007,37.808,37.972,38.136,38.276,38.416,38.463,38.510,38.358,38.206,38.112,38.019,38.451,38.882,39.485,40.085,39.837,39.589,38.929,38.264,38.679,39.091,40.085,41.070,41.116,41.162,41.355,41.548,42.121,42.691,42.115,41.537,41.008,40.475,39.981,39.485,39.826,40.165,41.361,42.544,45.362,48.116,48.342,48.567,45.823,43.017,42.234,41.446,41.849,42.251,42.228,42.206,41.651,41.093,40.561,40.027,40.647,41.264,42.262,43.252,44.705,46.141,47.268,48.385,47.890,47.393,47.181,46.970,44.700,42.386,41.492,40.590,40.573,40.556,40.659,40.762,41.338,41.912,41.458,41.002,40.705,40.407,40.309,40.211,40.573,40.933,41.639,42.341,42.977,43.610,43.565,43.521,44.084,44.644,45.422,46.196,45.917,45.637,46.948,48.245,46.703,45.142,43.067,40.956,40.710,40.464,40.372,40.280,40.045,39.809,39.456,39.103,39.184,39.265,39.225,39.184,39.323,39.462,39.705,39.947,40.068,40.188,40.125,40.062,39.924,39.785,39.843,39.901,39.930,39.958,39.705,39.450,39.126,38.801,39.068,39.335,39.439,39.543,39.427,39.312,38.946,38.580,38.714,38.847,38.760,38.673,38.719,38.766,39.120,39.474,39.445,39.416,39.375,39.335,39.612,39.889,39.843,39.797,39.693,39.589,39.450,39.312,39.369,39.427,39.381,39.335,39.230,39.126,39.045,38.964,38.894,38.824,39.062,39.300,39.514,39.728,39.722,39.716,39.930,40.142,40.050,39.958,40.257,40.556,40.836,41.116,41.230,41.344,40.699,40.050,39.624,39.196,39.283,39.369,39.751,40.131,40.252,40.372,40.315,40.257,40.412,40.567,40.395,40.223,40.367,40.510,40.590,40.670,40.899,41.127,42.138
,40.762,40.349,39.935,39.751,39.566,39.369,39.172,39.172,39.172,39.277,39.381,39.670,39.958,40.062,40.165,39.635,39.103,38.661,38.218,38.007,37.796,37.866,37.937,37.843,37.749,37.491,37.231,37.196,37.161,37.196,37.231,37.255,37.279,37.208,37.137,37.243,37.349,37.479,37.608,37.526,37.443,37.538,37.632,37.514,37.396,37.279,37.161,36.889,36.617,36.225,35.831,36.046,36.260,35.784,35.305,35.317,35.329,35.688,36.046,36.213,36.379,36.534,36.688,36.711,36.735,36.818,36.901,36.545,36.189,35.915,35.640,35.616,35.592,35.688,35.784,35.879,35.974,35.974,35.974,36.141,36.308,36.534,36.759,37.007,37.255,37.620,37.984,38.019,38.054,38.066,38.077,37.995,37.913,37.925,37.937,38.206,38.475,38.381,38.288,38.007,37.726,37.749,37.773,38.159,38.545,38.696,38.847,38.766,38.684,38.370,38.054,38.463,38.871,40.096,41.310,41.446,41.583,42.002,42.420,43.241,44.056,42.713,41.355,40.372,39.381,39.265,39.149,39.589,40.027,40.922,41.810,44.744,47.609,48.471,49.327,46.654,43.922,42.938,41.946,42.454,42.960,42.386,41.810,40.956,40.096,40.165,40.234,40.716,41.196,42.138,43.073,44.234,45.384,46.523,47.652,47.219,46.785,46.414,46.043,44.400,42.736,41.878,41.013,40.773,40.533,41.321,42.104,42.713,43.319,41.991,40.647,40.590,40.533,40.073,39.612,40.073,40.533,40.830,41.127,41.707,42.285,42.432,42.578,43.364,44.145,44.533,44.921,45.340,45.758,48.019,50.241,48.245,46.218,43.621,40.968,40.853,40.739,40.785,40.830,40.441,40.050,39.601,39.149,39.450,39.751,39.612,39.474,39.601,39.728,39.993,40.257,40.039,39.820,39.820,39.820,39.912,40.004,39.981,39.958,40.073,40.188,39.809,39.427,39.068,38.708,39.115,39.520,39.670,39.820,39.705,39.589,39.404,39.219,39.254,39.288,39.196,39.103,39.022,38.940,39.323,39.705,39.624,39.543,39.485,39.427,39.670,39.912,40.004,40.096,40.085,40.073,39.924,39.774,39.762,39.751,39.832,39.912,39.762,39.612,39.300,38.987,38.824,38.661,38.859,39.056,39.520,39.981,39.855,39.728,39.981,40.234,39.843,39.450,39.762,40.073,40.349,40.624,40.556,40.487,40.246,40.004,39.589,39.172,39.543,39.912,40.062,40.211,40.108,40.004,40.062,40.119,40.349,40.579,40.418,40.257,40.154,40.050,40.257,40.464,41.047,41.628,42.859
,41.218,40.836,40.453,40.252,40.050,39.855,39.658,39.607,39.555,39.630,39.705,40.004,40.303,40.246,40.188,39.722,39.254,38.847,38.440,38.171,37.902,37.890,37.878,37.872,37.866,37.655,37.443,37.455,37.467,37.402,37.337,37.332,37.326,37.355,37.385,37.373,37.361,37.443,37.526,37.502,37.479,37.567,37.655,37.591,37.526,37.255,36.983,36.688,36.391,36.123,35.855,36.058,36.260,35.963,35.664,35.622,35.580,35.945,36.308,36.462,36.617,36.670,36.723,36.688,36.652,36.735,36.818,36.587,36.355,36.201,36.046,36.088,36.129,36.070,36.010,36.028,36.046,36.213,36.379,36.444,36.510,36.563,36.617,36.788,36.960,37.314,37.667,37.808,37.949,37.984,38.019,38.013,38.007,37.931,37.855,38.036,38.218,38.031,37.843,37.673,37.502,37.573,37.643,37.866,38.089,38.218,38.346,38.288,38.229,38.112,37.995,38.270,38.545,39.647,40.739,40.905,41.070,41.628,42.183,42.443,42.702,41.583,40.453,39.664,38.871,39.022,39.172,39.578,39.981,40.252,40.521,42.893,45.219,45.988,46.752,44.567,42.341,41.480,40.613,41.184,41.753,41.656,41.560,40.796,40.027,40.263,40.498,40.768,41.036,41.889,42.736,43.677,44.611,45.439,46.261,46.108,45.955,45.626,45.296,44.289,43.274,42.183,41.082,40.372,39.658,40.412,41.162,42.127,43.084,41.996,40.899,40.596,40.292,39.889,39.485,39.906,40.326,40.756,41.184,41.645,42.104,42.285,42.465,43.308,44.145,44.317,44.489,45.081,45.670,47.539,49.380,47.777,46.152,43.855,41.514,41.293,41.070,41.059,41.047,40.739,40.430,40.194,39.958,40.280,40.602,40.424,40.246,40.022,39.797,40.119,40.441,40.309,40.177,40.073,39.970,39.860,39.751,39.981,40.211,40.154,40.096,39.630,39.161,38.917,38.673,39.062,39.450,39.595,39.739,39.780,39.820,39.537,39.254,39.294,39.335,39.277,39.219,39.265,39.312,39.572,39.832,39.595,39.358,39.387,39.416,39.572,39.728,39.849,39.970,39.953,39.935,39.987,40.039,40.068,40.096,40.022,39.947,39.895,39.843,39.664,39.485,39.346,39.207,39.277,39.346,39.716,40.085,40.171,40.257,40.567,40.876,40.487,40.096,40.200,40.303,40.510,40.716,40.527,40.338,40.091,39.843,39.693,39.543,39.774,40.004,40.045,40.085,39.906,39.728,39.855,39.981,40.039,40.096,40.039,39.981,39.912,39.843,40.056,40.269,40.962,41.651,43.039
,41.673,41.321,40.968,40.750,40.533,40.338,40.142,40.039,39.935,39.981,40.027,40.338,40.647,40.430,40.211,39.809,39.404,39.033,38.661,38.335,38.007,37.913,37.820,37.902,37.984,37.820,37.655,37.714,37.773,37.608,37.443,37.408,37.373,37.502,37.632,37.502,37.373,37.408,37.443,37.479,37.514,37.596,37.679,37.667,37.655,37.231,36.806,36.486,36.165,36.022,35.879,36.070,36.260,36.141,36.022,35.927,35.831,36.201,36.569,36.711,36.853,36.806,36.759,36.664,36.569,36.652,36.735,36.628,36.522,36.486,36.450,36.557,36.664,36.450,36.236,36.177,36.117,36.450,36.782,36.747,36.711,36.593,36.474,36.569,36.664,37.007,37.349,37.596,37.843,37.902,37.960,38.031,38.101,37.937,37.773,37.866,37.960,37.679,37.396,37.337,37.279,37.396,37.514,37.573,37.632,37.737,37.843,37.808,37.773,37.855,37.937,38.077,38.218,39.196,40.165,40.361,40.556,41.253,41.946,41.639,41.332,40.441,39.543,38.952,38.358,38.778,39.196,39.566,39.935,39.578,39.219,41.013,42.781,43.454,44.123,42.443,40.739,40.004,39.265,39.901,40.533,40.922,41.310,40.636,39.958,40.361,40.762,40.819,40.876,41.639,42.398,43.118,43.833,44.345,44.854,44.987,45.120,44.832,44.545,44.178,43.811,42.488,41.150,39.970,38.778,39.497,40.211,41.537,42.848,42.002,41.150,40.602,40.050,39.705,39.358,39.739,40.119,40.682,41.241,41.583,41.923,42.138,42.353,43.252,44.145,44.100,44.056,44.821,45.582,47.057,48.514,47.306,46.086,44.089,42.059,41.730,41.401,41.332,41.264,41.036,40.808,40.785,40.762,41.104,41.446,41.230,41.013,40.441,39.866,40.246,40.624,40.579,40.533,40.326,40.119,39.809,39.497,39.981,40.464,40.234,40.004,39.450,38.894,38.766,38.638,39.010,39.381,39.520,39.658,39.855,40.050,39.670,39.288,39.335,39.381,39.358,39.335,39.508,39.682,39.820,39.958,39.566,39.172,39.288,39.404,39.474,39.543,39.693,39.843,39.820,39.797,40.050,40.303,40.372,40.441,40.211,39.981,40.027,40.073,40.027,39.981,39.866,39.751,39.693,39.635,39.912,40.188,40.487,40.785,41.150,41.514,41.127,40.739,40.636,40.533,40.670,40.808,40.498,40.188,39.935,39.682,39.797,39.912,40.004,40.096,40.027,39.958,39.705,39.450,39.647,39.843,39.728,39.612,39.658,39.705,39.670,39.635,39.855,40.073,40.876,41.673,43.218
,42.274,41.974,41.673,41.503,41.332,41.065,40.796,40.573,40.349,40.372,40.395,40.567,40.739,40.424,40.108,39.826,39.543,39.138,38.731,38.434,38.136,38.124,38.112,38.159,38.206,38.089,37.972,38.107,38.241,37.984,37.726,37.655,37.585,37.626,37.667,37.608,37.549,37.526,37.502,37.620,37.737,37.737,37.737,37.685,37.632,37.155,36.676,36.361,36.046,35.980,35.915,36.082,36.248,36.177,36.106,36.016,35.927,36.189,36.450,36.545,36.640,36.699,36.759,36.664,36.569,36.670,36.771,36.605,36.439,36.516,36.593,36.640,36.688,36.569,36.450,36.462,36.474,36.711,36.948,36.765,36.581,36.486,36.391,36.498,36.605,36.836,37.066,37.390,37.714,37.872,38.031,38.048,38.066,37.907,37.749,37.726,37.702,37.455,37.208,37.208,37.208,37.261,37.314,37.390,37.467,37.661,37.855,37.954,38.054,38.048,38.042,38.066,38.089,38.574,39.056,39.294,39.531,39.987,40.441,40.211,39.981,39.601,39.219,38.952,38.684,38.964,39.242,39.462,39.682,39.172,38.661,39.670,40.670,41.122,41.571,40.727,39.878,39.485,39.091,39.612,40.131,40.527,40.922,40.481,40.039,40.367,40.693,40.384,40.073,40.865,41.651,42.871,44.078,44.389,44.700,45.131,45.560,45.373,45.186,44.550,43.911,42.482,41.036,40.188,39.335,39.918,40.498,42.149,43.777,43.961,44.145,42.634,41.104,40.458,39.809,39.878,39.947,40.332,40.716,40.990,41.264,41.685,42.104,42.798,43.487,43.811,44.134,45.092,46.043,47.181,48.310,47.317,46.316,44.561,42.781,42.803,42.826,42.234,41.639,41.384,41.127,41.384,41.639,42.228,42.814,42.093,41.367,40.733,40.096,40.602,41.104,41.275,41.446,41.224,41.002,40.252,39.497,39.762,40.027,40.062,40.096,39.595,39.091,38.935,38.778,39.033,39.288,39.526,39.762,40.033,40.303,40.108,39.912,39.739,39.566,39.555,39.543,39.682,39.820,39.901,39.981,39.705,39.427,39.450,39.474,39.630,39.785,39.889,39.993,40.292,40.590,40.596,40.602,40.750,40.899,40.665,40.430,40.453,40.475,40.544,40.613,40.722,40.830,40.808,40.785,41.065,41.344,41.463,41.583,41.798,42.013,41.702,41.389,41.218,41.047,41.093,41.139,40.939,40.739,40.384,40.027,40.073,40.119,40.016,39.912,39.803,39.693,39.560,39.427,39.583,39.739,39.543,39.346,39.398,39.450,39.404,39.358,39.647,39.935,40.619,41.298,42.764
,42.871,42.623,42.375,42.251,42.127,41.787,41.446,41.104,40.762,40.762,40.762,40.796,40.830,40.418,40.004,39.843,39.682,39.242,38.801,38.533,38.264,38.335,38.405,38.416,38.428,38.358,38.288,38.498,38.708,38.358,38.007,37.902,37.796,37.749,37.702,37.714,37.726,37.643,37.561,37.761,37.960,37.878,37.796,37.702,37.608,37.078,36.545,36.236,35.927,35.939,35.951,36.094,36.236,36.213,36.189,36.106,36.022,36.177,36.332,36.379,36.427,36.593,36.759,36.664,36.569,36.688,36.806,36.581,36.355,36.545,36.735,36.723,36.711,36.688,36.664,36.747,36.830,36.972,37.113,36.782,36.450,36.379,36.308,36.427,36.545,36.664,36.782,37.184,37.585,37.843,38.101,38.066,38.031,37.878,37.726,37.585,37.443,37.231,37.019,37.078,37.137,37.125,37.113,37.208,37.302,37.585,37.866,38.101,38.335,38.241,38.148,38.054,37.960,37.949,37.937,38.218,38.498,38.708,38.917,38.766,38.615,38.754,38.894,38.952,39.010,39.149,39.288,39.358,39.427,38.766,38.101,38.311,38.521,38.743,38.964,38.987,39.010,38.964,38.917,39.323,39.728,40.131,40.533,40.326,40.119,40.372,40.624,39.947,39.265,40.085,40.899,42.623,44.323,44.434,44.545,45.274,45.999,45.911,45.823,44.921,44.011,42.477,40.922,40.407,39.889,40.338,40.785,42.758,44.700,45.889,47.067,44.633,42.149,41.207,40.257,40.016,39.774,39.981,40.188,40.395,40.602,41.230,41.855,42.341,42.826,43.521,44.212,45.362,46.502,47.306,48.105,47.328,46.545,45.031,43.498,43.867,44.234,43.129,42.013,41.730,41.446,41.980,42.510,43.342,44.167,42.949,41.719,41.025,40.326,40.956,41.583,41.968,42.353,42.115,41.878,40.693,39.497,39.543,39.589,39.889,40.188,39.739,39.288,39.103,38.917,39.056,39.196,39.531,39.866,40.211,40.556,40.544,40.533,40.142,39.751,39.751,39.751,39.855,39.958,39.981,40.004,39.843,39.682,39.612,39.543,39.785,40.027,40.085,40.142,40.762,41.378,41.139,40.899,41.127,41.355,41.116,40.876,40.876,40.876,41.059,41.241,41.571,41.900,41.912,41.923,42.206,42.488,42.432,42.375,42.443,42.510,42.274,42.036,41.798,41.560,41.514,41.469,41.378,41.287,40.830,40.372,40.349,40.326,40.027,39.728,39.578,39.427,39.416,39.404,39.520,39.635,39.358,39.080,39.138,39.196,39.138,39.080,39.439,39.797,40.361,40.922,42.307
,43.710,43.487,43.263,43.061,42.859,42.296,41.730,41.440,41.150,41.002,40.853,40.830,40.808,40.401,39.993,39.785,39.578,39.184,38.789,38.568,38.346,38.387,38.428,38.527,38.626,38.655,38.684,38.783,38.882,38.690,38.498,38.399,38.300,38.165,38.031,38.042,38.054,37.925,37.796,37.866,37.937,37.849,37.761,37.543,37.326,36.918,36.510,36.308,36.106,36.094,36.082,36.326,36.569,36.314,36.058,36.010,35.963,36.070,36.177,36.195,36.213,36.403,36.593,36.439,36.284,36.338,36.391,36.290,36.189,36.379,36.569,36.539,36.510,36.563,36.617,36.771,36.924,37.025,37.125,36.824,36.522,36.409,36.296,36.397,36.498,36.539,36.581,36.865,37.149,37.508,37.866,38.025,38.183,37.972,37.761,37.608,37.455,37.214,36.972,37.113,37.255,37.178,37.102,37.119,37.137,37.396,37.655,37.743,37.831,37.866,37.902,37.913,37.925,38.036,38.148,38.177,38.206,38.229,38.253,38.235,38.218,38.498,38.778,38.766,38.754,38.743,38.731,38.702,38.673,38.323,37.972,38.165,38.358,38.445,38.533,38.888,39.242,39.219,39.196,39.520,39.843,40.010,40.177,39.906,39.635,40.050,40.464,39.976,39.485,40.430,41.367,42.510,43.644,43.604,43.565,44.622,45.670,46.327,46.981,45.230,43.454,42.127,40.785,40.344,39.901,40.257,40.613,41.963,43.297,44.278,45.252,43.872,42.477,42.070,41.662,40.956,40.246,40.481,40.716,40.779,40.842,41.304,41.764,42.381,42.994,43.906,44.810,46.425,48.019,48.514,49.007,48.406,47.804,46.420,45.020,44.838,44.655,43.699,42.736,42.296,41.855,42.177,42.499,43.498,44.489,43.056,41.605,40.945,40.280,41.127,41.968,42.437,42.904,42.792,42.679,41.378,40.062,40.045,40.027,40.263,40.498,39.947,39.393,39.144,38.894,39.027,39.161,39.479,39.797,40.349,40.899,40.653,40.407,40.154,39.901,39.803,39.705,39.664,39.624,39.814,40.004,40.085,40.165,40.108,40.050,40.223,40.395,40.561,40.727,41.583,42.432,42.064,41.696,41.548,41.401,41.327,41.253,41.133,41.013,41.076,41.139,41.770,42.398,42.904,43.409,43.297,43.185,42.893,42.601,42.634,42.668,42.347,42.025,41.679,41.332,41.315,41.298,41.389,41.480,41.281,41.082,41.008,40.933,40.504,40.073,39.762,39.450,39.416,39.381,39.422,39.462,39.271,39.080,39.022,38.964,38.969,38.975,39.207,39.439,39.964,40.487,41.668
,44.545,44.345,44.145,43.867,43.588,42.803,42.013,41.776,41.537,41.241,40.945,40.865,40.785,40.384,39.981,39.728,39.474,39.126,38.778,38.603,38.428,38.440,38.451,38.638,38.824,38.952,39.080,39.068,39.056,39.022,38.987,38.894,38.801,38.580,38.358,38.370,38.381,38.206,38.031,37.972,37.913,37.820,37.726,37.385,37.043,36.759,36.474,36.379,36.284,36.248,36.213,36.557,36.901,36.415,35.927,35.915,35.903,35.963,36.022,36.010,35.998,36.213,36.427,36.213,35.998,35.986,35.974,35.998,36.022,36.213,36.403,36.355,36.308,36.439,36.569,36.794,37.019,37.078,37.137,36.865,36.593,36.439,36.284,36.367,36.450,36.415,36.379,36.545,36.711,37.172,37.632,37.984,38.335,38.066,37.796,37.632,37.467,37.196,36.924,37.149,37.373,37.231,37.090,37.031,36.972,37.208,37.443,37.385,37.326,37.491,37.655,37.773,37.890,38.124,38.358,38.136,37.913,37.749,37.585,37.702,37.820,38.241,38.661,38.580,38.498,38.335,38.171,38.042,37.913,37.878,37.843,38.019,38.194,38.148,38.101,38.789,39.474,39.474,39.474,39.716,39.958,39.889,39.820,39.485,39.149,39.728,40.303,40.004,39.705,40.773,41.832,42.398,42.960,42.769,42.578,43.967,45.340,46.741,48.127,45.538,42.893,41.776,40.647,40.280,39.912,40.177,40.441,41.162,41.878,42.646,43.409,43.106,42.803,42.927,43.050,41.889,40.716,40.979,41.241,41.162,41.082,41.378,41.673,42.420,43.162,44.289,45.406,47.479,49.519,49.710,49.901,49.476,49.049,47.793,46.523,45.801,45.075,44.267,43.454,42.859,42.262,42.375,42.488,43.655,44.810,43.162,41.492,40.865,40.234,41.298,42.353,42.904,43.454,43.465,43.476,42.059,40.624,40.544,40.464,40.636,40.808,40.154,39.497,39.184,38.871,38.998,39.126,39.427,39.728,40.487,41.241,40.762,40.280,40.165,40.050,39.855,39.658,39.474,39.288,39.647,40.004,40.326,40.647,40.602,40.556,40.659,40.762,41.036,41.310,42.398,43.476,42.983,42.488,41.968,41.446,41.537,41.628,41.389,41.150,41.093,41.036,41.968,42.893,43.889,44.877,44.378,43.878,43.353,42.826,42.826,42.826,42.420,42.013,41.560,41.104,41.116,41.127,41.401,41.673,41.730,41.787,41.662,41.537,40.979,40.418,39.947,39.474,39.416,39.358,39.323,39.288,39.184,39.080,38.905,38.731,38.801,38.871,38.975,39.080,39.566,40.050,41.025
,45.373,45.020,44.666,44.328,43.989,43.280,42.567,42.172,41.776,41.401,41.025,40.882,40.739,40.441,40.142,39.855,39.566,39.259,38.952,38.754,38.556,38.574,38.591,38.644,38.696,38.935,39.172,39.294,39.416,39.178,38.940,38.760,38.580,38.486,38.393,38.364,38.335,38.224,38.112,38.077,38.042,37.954,37.866,37.491,37.113,36.871,36.628,36.605,36.581,36.545,36.510,36.658,36.806,36.397,35.986,35.927,35.867,36.028,36.189,36.046,35.903,36.106,36.308,36.135,35.963,35.795,35.628,35.694,35.760,35.897,36.034,36.088,36.141,36.355,36.569,36.824,37.078,37.178,37.279,37.001,36.723,36.504,36.284,36.391,36.498,36.433,36.367,36.439,36.510,36.836,37.161,37.561,37.960,37.878,37.796,37.579,37.361,37.178,36.995,37.054,37.113,37.054,36.995,36.830,36.664,36.871,37.078,36.972,36.865,36.995,37.125,37.385,37.643,37.884,38.124,38.001,37.878,37.614,37.349,37.508,37.667,38.019,38.370,38.235,38.101,37.949,37.796,37.667,37.538,37.602,37.667,37.755,37.843,37.960,38.077,38.778,39.474,39.393,39.312,39.566,39.820,39.797,39.774,39.381,38.987,39.375,39.762,39.906,40.050,40.584,41.116,41.690,42.262,42.319,42.375,43.263,44.145,45.334,46.512,44.982,43.431,42.510,41.583,41.002,40.418,40.458,40.498,40.848,41.196,41.475,41.753,41.588,41.423,41.951,42.477,41.531,40.579,40.676,40.773,40.905,41.036,41.548,42.059,43.179,44.289,45.829,47.349,48.283,49.209,49.268,49.327,49.567,49.806,48.675,47.533,46.229,44.910,44.273,43.632,43.033,42.432,43.067,43.699,44.611,45.516,43.599,41.651,40.842,40.027,41.065,42.093,43.045,43.989,43.928,43.867,42.899,41.923,41.991,42.059,41.707,41.355,40.412,39.462,39.149,38.836,39.027,39.219,39.578,39.935,40.670,41.401,40.893,40.384,40.326,40.269,39.901,39.531,39.416,39.300,39.589,39.878,40.240,40.602,40.739,40.876,41.503,42.127,42.938,43.744,43.900,44.056,43.560,43.061,42.448,41.832,41.991,42.149,42.036,41.923,41.611,41.298,42.127,42.949,43.844,44.733,44.284,43.833,43.241,42.646,42.589,42.533,42.211,41.889,41.423,40.956,40.985,41.013,41.338,41.662,41.770,41.878,41.900,41.923,41.378,40.830,40.349,39.866,39.687,39.508,39.404,39.300,39.149,38.998,38.917,38.836,38.824,38.812,38.743,38.673,39.074,39.474,40.286
,46.196,45.692,45.186,44.788,44.389,43.755,43.118,42.567,42.013,41.560,41.104,40.899,40.693,40.498,40.303,39.981,39.658,39.393,39.126,38.905,38.684,38.708,38.731,38.650,38.568,38.917,39.265,39.520,39.774,39.335,38.894,38.626,38.358,38.393,38.428,38.358,38.288,38.241,38.194,38.183,38.171,38.089,38.007,37.596,37.184,36.983,36.782,36.830,36.877,36.842,36.806,36.759,36.711,36.379,36.046,35.939,35.831,36.094,36.355,36.082,35.807,35.998,36.189,36.058,35.927,35.604,35.281,35.389,35.497,35.580,35.664,35.819,35.974,36.272,36.569,36.853,37.137,37.279,37.420,37.137,36.853,36.569,36.284,36.415,36.545,36.450,36.355,36.332,36.308,36.498,36.688,37.137,37.585,37.690,37.796,37.526,37.255,37.161,37.066,36.960,36.853,36.877,36.901,36.628,36.355,36.534,36.711,36.557,36.403,36.498,36.593,36.995,37.396,37.643,37.890,37.866,37.843,37.479,37.113,37.314,37.514,37.796,38.077,37.890,37.702,37.561,37.420,37.290,37.161,37.326,37.491,37.491,37.491,37.773,38.054,38.766,39.474,39.312,39.149,39.416,39.682,39.705,39.728,39.277,38.824,39.022,39.219,39.809,40.395,40.395,40.395,40.979,41.560,41.866,42.172,42.556,42.938,43.911,44.877,44.423,43.967,43.241,42.510,41.719,40.922,40.739,40.556,40.533,40.510,40.292,40.073,40.050,40.027,40.968,41.900,41.173,40.441,40.372,40.303,40.647,40.990,41.719,42.443,43.933,45.406,47.349,49.263,49.081,48.900,48.825,48.750,49.657,50.558,49.551,48.535,46.654,44.744,44.278,43.811,43.207,42.601,43.755,44.899,45.560,46.218,44.034,41.810,40.819,39.820,40.830,41.832,43.185,44.522,44.389,44.256,43.733,43.207,43.420,43.632,42.769,41.900,40.670,39.427,39.115,38.801,39.056,39.312,39.728,40.142,40.853,41.560,41.025,40.487,40.487,40.487,39.947,39.404,39.358,39.312,39.531,39.751,40.154,40.556,40.876,41.196,42.341,43.476,44.810,46.130,45.384,44.633,44.134,43.632,42.927,42.217,42.443,42.668,42.679,42.691,42.127,41.560,42.285,43.005,43.800,44.589,44.189,43.789,43.129,42.465,42.353,42.240,42.002,41.764,41.287,40.808,40.853,40.899,41.275,41.651,41.810,41.968,42.138,42.307,41.776,41.241,40.750,40.257,39.958,39.658,39.485,39.312,39.115,38.917,38.929,38.940,38.847,38.754,38.510,38.264,38.580,38.894,39.543
,47.089,46.583,46.075,45.593,45.108,44.212,43.308,42.769,42.228,41.946,41.662,41.503,41.344,40.990,40.636,40.229,39.820,39.485,39.149,38.964,38.778,38.650,38.521,38.510,38.498,38.905,39.312,39.508,39.705,39.352,38.998,38.743,38.486,38.352,38.218,38.311,38.405,38.270,38.136,37.954,37.773,37.743,37.714,37.438,37.161,37.096,37.031,37.072,37.113,37.025,36.936,36.865,36.794,36.504,36.213,36.094,35.974,36.135,36.296,35.957,35.616,35.772,35.927,35.819,35.712,35.491,35.269,35.365,35.461,35.556,35.652,35.790,35.927,36.367,36.806,37.102,37.396,37.520,37.643,37.396,37.149,36.859,36.569,36.628,36.688,36.705,36.723,36.617,36.510,36.646,36.782,37.149,37.514,37.749,37.984,37.696,37.408,37.349,37.290,37.113,36.936,36.824,36.711,36.516,36.320,36.504,36.688,36.516,36.344,36.302,36.260,36.617,36.972,37.202,37.432,37.402,37.373,37.184,36.995,37.096,37.196,37.549,37.902,37.778,37.655,37.538,37.420,37.284,37.149,37.190,37.231,37.137,37.043,37.449,37.855,38.381,38.905,38.789,38.673,38.975,39.277,39.306,39.335,39.097,38.859,39.306,39.751,40.378,41.002,41.104,41.207,41.167,41.127,41.247,41.367,41.605,41.844,42.415,42.983,42.916,42.848,42.381,41.912,41.310,40.705,40.516,40.326,40.275,40.223,40.022,39.820,39.809,39.797,40.561,41.321,41.207,41.093,41.150,41.207,40.910,40.613,41.367,42.115,43.375,44.622,45.823,47.013,46.523,46.032,46.256,46.480,47.420,48.353,48.519,48.685,46.932,45.153,44.871,44.589,43.610,42.623,43.582,44.533,44.749,44.965,43.190,41.389,40.453,39.508,40.326,41.139,42.550,43.945,43.755,43.565,43.537,43.509,43.956,44.400,43.414,42.420,40.939,39.439,39.329,39.219,39.849,40.475,40.722,40.968,41.361,41.753,41.247,40.739,40.539,40.338,40.016,39.693,39.664,39.635,39.866,40.096,40.355,40.613,41.275,41.934,43.033,44.123,45.009,45.889,44.888,43.878,43.515,43.151,43.017,42.882,43.078,43.274,43.325,43.375,42.798,42.217,42.386,42.556,43.123,43.688,43.370,43.050,42.719,42.386,42.223,42.059,41.861,41.662,41.378,41.093,41.167,41.241,41.815,42.386,42.420,42.454,42.448,42.443,41.951,41.458,41.019,40.579,40.315,40.050,39.843,39.635,39.393,39.149,39.080,39.010,39.051,39.091,38.772,38.451,38.591,38.731,39.277
,47.976,47.468,46.959,46.392,45.823,44.666,43.498,42.972,42.443,42.330,42.217,42.104,41.991,41.480,40.968,40.475,39.981,39.578,39.172,39.022,38.871,38.591,38.311,38.370,38.428,38.894,39.358,39.497,39.635,39.369,39.103,38.859,38.615,38.311,38.007,38.264,38.521,38.300,38.077,37.726,37.373,37.396,37.420,37.279,37.137,37.208,37.279,37.314,37.349,37.208,37.066,36.972,36.877,36.628,36.379,36.248,36.117,36.177,36.236,35.831,35.425,35.544,35.664,35.580,35.497,35.377,35.257,35.341,35.425,35.532,35.640,35.760,35.879,36.462,37.043,37.349,37.655,37.761,37.866,37.655,37.443,37.149,36.853,36.842,36.830,36.960,37.090,36.901,36.711,36.794,36.877,37.161,37.443,37.808,38.171,37.866,37.561,37.538,37.514,37.267,37.019,36.771,36.522,36.403,36.284,36.474,36.664,36.474,36.284,36.106,35.927,36.236,36.545,36.759,36.972,36.936,36.901,36.889,36.877,36.877,36.877,37.302,37.726,37.667,37.608,37.514,37.420,37.279,37.137,37.054,36.972,36.782,36.593,37.125,37.655,37.995,38.335,38.264,38.194,38.533,38.871,38.905,38.940,38.917,38.894,39.589,40.280,40.945,41.605,41.810,42.013,41.355,40.693,40.624,40.556,40.647,40.739,40.899,41.059,41.389,41.719,41.514,41.310,40.899,40.487,40.292,40.096,40.016,39.935,39.751,39.566,39.566,39.566,40.154,40.739,41.241,41.742,41.923,42.104,41.173,40.234,41.013,41.787,42.814,43.833,44.278,44.722,43.911,43.095,43.632,44.167,45.142,46.108,47.479,48.835,47.208,45.560,45.461,45.362,44.011,42.646,43.409,44.167,43.933,43.699,42.341,40.968,40.085,39.196,39.820,40.441,41.912,43.364,43.118,42.871,43.342,43.811,44.489,45.164,44.056,42.938,41.207,39.450,39.543,39.635,40.636,41.628,41.707,41.787,41.866,41.946,41.469,40.990,40.590,40.188,40.085,39.981,39.970,39.958,40.200,40.441,40.556,40.670,41.673,42.668,43.722,44.766,45.208,45.648,44.389,43.118,42.893,42.668,43.106,43.543,43.710,43.878,43.967,44.056,43.465,42.871,42.488,42.104,42.443,42.781,42.544,42.307,42.307,42.307,42.093,41.878,41.719,41.560,41.469,41.378,41.480,41.583,42.353,43.118,43.028,42.938,42.758,42.578,42.127,41.673,41.287,40.899,40.670,40.441,40.200,39.958,39.670,39.381,39.230,39.080,39.254,39.427,39.033,38.638,38.603,38.568,39.010
,48.610,48.127,47.642,46.763,45.878,44.838,43.789,43.398,43.005,42.871,42.736,42.589,42.443,41.861,41.275,40.808,40.338,39.878,39.416,39.149,38.882,38.638,38.393,38.585,38.778,39.225,39.670,39.878,40.085,40.119,40.154,39.826,39.497,38.981,38.463,38.498,38.533,38.019,37.502,37.320,37.137,37.231,37.326,37.267,37.208,37.237,37.267,37.279,37.290,37.125,36.960,36.948,36.936,36.853,36.771,36.741,36.711,36.628,36.545,36.129,35.712,35.795,35.879,35.772,35.664,35.514,35.365,35.347,35.329,35.353,35.377,35.479,35.580,36.117,36.652,36.942,37.231,37.290,37.349,37.267,37.184,37.113,37.043,36.989,36.936,37.007,37.078,36.966,36.853,36.853,36.853,37.125,37.396,37.778,38.159,37.855,37.549,37.561,37.573,37.449,37.326,36.913,36.498,36.439,36.379,36.634,36.889,36.640,36.391,36.100,35.807,36.141,36.474,36.682,36.889,36.901,36.913,36.853,36.794,36.883,36.972,37.155,37.337,37.190,37.043,37.143,37.243,37.167,37.090,37.019,36.948,36.753,36.557,36.913,37.267,37.661,38.054,37.825,37.596,38.101,38.603,38.731,38.859,38.911,38.964,39.757,40.544,41.446,42.341,42.859,43.375,42.138,40.888,40.539,40.188,40.321,40.453,40.579,40.705,40.899,41.093,40.990,40.888,40.705,40.521,40.257,39.993,39.889,39.785,39.814,39.843,39.728,39.612,39.941,40.269,40.705,41.139,41.270,41.401,41.395,41.389,41.940,42.488,43.157,43.822,43.755,43.688,42.758,41.821,42.177,42.533,43.302,44.067,45.532,46.981,45.840,44.689,44.500,44.312,42.769,41.207,41.917,42.623,42.960,43.297,42.047,40.785,39.999,39.207,39.739,40.269,41.179,42.081,42.296,42.510,42.826,43.140,43.750,44.356,43.627,42.893,41.150,39.381,39.601,39.820,40.527,41.230,41.310,41.389,41.617,41.844,41.600,41.355,40.990,40.624,40.550,40.475,40.412,40.349,40.418,40.487,40.636,40.785,41.724,42.657,43.504,44.345,44.245,44.145,42.893,41.628,41.560,41.492,42.228,42.960,42.741,42.522,42.674,42.826,42.567,42.307,42.121,41.934,42.240,42.544,42.262,41.980,41.917,41.855,41.724,41.594,41.236,40.876,41.082,41.287,41.668,42.047,42.820,43.588,43.839,44.089,43.889,43.688,42.921,42.149,41.566,40.979,40.819,40.659,40.458,40.257,39.953,39.647,39.531,39.416,39.514,39.612,39.271,38.929,38.754,38.580,38.917
,49.241,48.782,48.320,47.133,45.933,45.009,44.078,43.822,43.565,43.409,43.252,43.073,42.893,42.240,41.583,41.139,40.693,40.177,39.658,39.277,38.894,38.684,38.475,38.801,39.126,39.555,39.981,40.257,40.533,40.865,41.196,40.785,40.372,39.647,38.917,38.731,38.545,37.737,36.924,36.913,36.901,37.066,37.231,37.255,37.279,37.267,37.255,37.243,37.231,37.043,36.853,36.924,36.995,37.078,37.161,37.231,37.302,37.078,36.853,36.427,35.998,36.046,36.094,35.963,35.831,35.652,35.473,35.353,35.233,35.173,35.113,35.197,35.281,35.772,36.260,36.534,36.806,36.818,36.830,36.877,36.924,37.078,37.231,37.137,37.043,37.054,37.066,37.031,36.995,36.913,36.830,37.090,37.349,37.749,38.148,37.843,37.538,37.585,37.632,37.632,37.632,37.054,36.474,36.474,36.474,36.794,37.113,36.806,36.498,36.094,35.688,36.046,36.403,36.605,36.806,36.865,36.924,36.818,36.711,36.889,37.066,37.007,36.948,36.711,36.474,36.771,37.066,37.054,37.043,36.983,36.924,36.723,36.522,36.699,36.877,37.326,37.773,37.385,36.995,37.667,38.335,38.556,38.778,38.905,39.033,39.924,40.808,41.946,43.073,43.900,44.722,42.916,41.082,40.453,39.820,39.993,40.165,40.257,40.349,40.407,40.464,40.464,40.464,40.510,40.556,40.223,39.889,39.762,39.635,39.878,40.119,39.889,39.658,39.728,39.797,40.165,40.533,40.613,40.693,41.617,42.533,42.859,43.185,43.498,43.811,43.230,42.646,41.594,40.533,40.705,40.876,41.435,41.991,43.554,45.097,44.456,43.811,43.532,43.252,41.514,39.751,40.407,41.059,41.980,42.893,41.753,40.602,39.912,39.219,39.658,40.096,40.441,40.785,41.469,42.149,42.307,42.465,43.005,43.543,43.196,42.848,41.093,39.312,39.658,40.004,40.418,40.830,40.910,40.990,41.367,41.742,41.730,41.719,41.389,41.059,41.013,40.968,40.853,40.739,40.636,40.533,40.716,40.899,41.776,42.646,43.286,43.922,43.274,42.623,41.378,40.119,40.211,40.303,41.344,42.375,41.764,41.150,41.367,41.583,41.662,41.742,41.753,41.764,42.036,42.307,41.980,41.651,41.526,41.401,41.355,41.310,40.750,40.188,40.693,41.196,41.855,42.510,43.286,44.056,44.644,45.230,45.009,44.788,43.710,42.623,41.844,41.059,40.968,40.876,40.716,40.556,40.234,39.912,39.832,39.751,39.774,39.797,39.508,39.219,38.905,38.591,38.824
,49.156,48.734,48.310,47.284,46.250,45.378,44.500,44.178,43.855,43.783,43.710,43.482,43.252,42.471,41.685,41.372,41.059,40.539,40.016,39.566,39.115,39.190,39.265,39.491,39.716,40.240,40.762,41.184,41.605,41.742,41.878,41.634,41.389,40.584,39.774,39.265,38.754,37.954,37.149,37.060,36.972,37.361,37.749,37.667,37.585,37.514,37.443,37.555,37.667,37.608,37.549,37.532,37.514,37.585,37.655,37.673,37.690,37.496,37.302,37.043,36.782,36.694,36.605,36.290,35.974,35.843,35.712,35.407,35.101,35.089,35.077,34.950,34.824,35.227,35.628,35.867,36.106,36.046,35.986,36.201,36.415,36.593,36.771,36.812,36.853,36.978,37.102,37.007,36.913,36.836,36.759,36.930,37.102,37.596,38.089,37.855,37.620,37.520,37.420,37.638,37.855,37.414,36.972,36.853,36.735,36.889,37.043,36.918,36.794,36.652,36.510,36.617,36.723,36.995,37.267,37.196,37.125,37.084,37.043,37.054,37.066,37.007,36.948,36.723,36.498,36.605,36.711,36.771,36.830,36.871,36.913,36.717,36.522,36.705,36.889,37.385,37.878,37.608,37.337,37.796,38.253,38.527,38.801,38.871,38.940,39.537,40.131,41.030,41.923,42.685,43.442,42.245,41.036,40.602,40.165,40.177,40.188,40.102,40.016,40.004,39.993,40.619,41.241,41.577,41.912,41.287,40.659,39.987,39.312,39.578,39.843,39.866,39.889,40.027,40.165,40.596,41.025,41.764,42.499,43.106,43.710,43.364,43.017,43.526,44.034,43.123,42.206,41.560,40.910,40.853,40.796,41.611,42.420,43.353,44.278,43.364,42.443,42.245,42.047,41.179,40.303,40.945,41.583,41.878,42.172,41.070,39.958,39.618,39.277,39.906,40.533,40.853,41.173,41.849,42.522,42.567,42.612,43.078,43.543,42.741,41.934,40.647,39.346,39.658,39.970,40.332,40.693,40.859,41.025,41.406,41.787,41.594,41.401,41.258,41.116,41.224,41.332,41.122,40.910,40.624,40.338,40.590,40.842,42.127,43.398,43.911,44.423,43.202,41.968,40.756,39.531,39.503,39.474,41.025,42.556,42.527,42.499,42.290,42.081,41.827,41.571,41.344,41.116,41.645,42.172,41.861,41.548,41.327,41.104,41.104,41.104,40.790,40.475,41.270,42.059,42.747,43.431,43.599,43.766,44.417,45.064,45.147,45.230,44.295,43.353,42.606,41.855,41.395,40.933,40.796,40.659,40.292,39.924,39.855,39.785,39.970,40.154,39.872,39.589,39.219,38.847,39.033
,49.071,48.685,48.299,47.436,46.567,45.747,44.921,44.533,44.145,44.156,44.167,43.889,43.610,42.702,41.787,41.605,41.423,40.899,40.372,39.855,39.335,39.693,40.050,40.177,40.303,40.922,41.537,42.104,42.668,42.612,42.556,42.477,42.398,41.514,40.624,39.797,38.964,38.171,37.373,37.208,37.043,37.655,38.264,38.077,37.890,37.761,37.632,37.866,38.101,38.171,38.241,38.136,38.031,38.089,38.148,38.112,38.077,37.913,37.749,37.655,37.561,37.337,37.113,36.617,36.117,36.034,35.951,35.461,34.968,35.005,35.041,34.703,34.365,34.679,34.992,35.197,35.401,35.269,35.137,35.520,35.903,36.106,36.308,36.486,36.664,36.901,37.137,36.983,36.830,36.759,36.688,36.771,36.853,37.443,38.031,37.866,37.702,37.455,37.208,37.643,38.077,37.773,37.467,37.231,36.995,36.983,36.972,37.031,37.090,37.208,37.326,37.184,37.043,37.385,37.726,37.526,37.326,37.349,37.373,37.220,37.066,37.007,36.948,36.735,36.522,36.439,36.355,36.486,36.617,36.759,36.901,36.711,36.522,36.711,36.901,37.443,37.984,37.831,37.679,37.925,38.171,38.498,38.824,38.836,38.847,39.149,39.450,40.108,40.762,41.458,42.149,41.571,40.990,40.750,40.510,40.361,40.211,39.947,39.682,39.601,39.520,40.773,42.013,42.634,43.252,42.341,41.423,40.211,38.987,39.277,39.566,39.843,40.119,40.326,40.533,41.025,41.514,42.904,44.278,44.578,44.877,43.867,42.848,43.554,44.256,43.017,41.764,41.526,41.287,41.002,40.716,41.787,42.848,43.151,43.454,42.262,41.059,40.945,40.830,40.842,40.853,41.480,42.104,41.776,41.446,40.384,39.312,39.323,39.335,40.154,40.968,41.264,41.560,42.228,42.893,42.826,42.758,43.151,43.543,42.285,41.013,40.200,39.381,39.658,39.935,40.246,40.556,40.808,41.059,41.446,41.832,41.458,41.082,41.127,41.173,41.435,41.696,41.389,41.082,40.613,40.142,40.464,40.785,42.477,44.145,44.533,44.921,43.129,41.310,40.131,38.940,38.789,38.638,40.705,42.736,43.286,43.833,43.207,42.578,41.991,41.401,40.933,40.464,41.253,42.036,41.742,41.446,41.127,40.808,40.853,40.899,40.830,40.762,41.844,42.916,43.632,44.345,43.911,43.476,44.189,44.899,45.285,45.670,44.877,44.078,43.364,42.646,41.821,40.990,40.876,40.762,40.349,39.935,39.878,39.820,40.165,40.510,40.234,39.958,39.531,39.103,39.242
,48.942,48.541,48.138,47.295,46.447,45.774,45.097,44.805,44.511,44.450,44.389,43.878,43.364,42.629,41.889,41.821,41.753,41.361,40.968,40.802,40.636,40.825,41.013,41.099,41.184,41.827,42.465,42.927,43.386,43.118,42.848,42.966,43.084,42.262,41.435,40.395,39.346,38.539,37.726,37.861,37.995,38.340,38.684,38.457,38.229,38.124,38.019,38.235,38.451,38.527,38.603,38.451,38.300,38.259,38.218,38.224,38.229,38.136,38.042,37.855,37.667,37.302,36.936,36.587,36.236,36.141,36.046,35.580,35.113,35.059,35.005,34.722,34.438,34.679,34.920,34.992,35.065,35.065,35.065,35.389,35.712,36.040,36.367,36.450,36.534,36.634,36.735,36.735,36.735,36.776,36.818,36.842,36.865,37.455,38.042,37.837,37.632,37.408,37.184,37.626,38.066,37.990,37.913,37.449,36.983,36.954,36.924,36.983,37.043,37.255,37.467,37.349,37.231,37.579,37.925,37.649,37.373,37.385,37.396,37.296,37.196,37.167,37.137,36.954,36.771,36.670,36.569,36.658,36.747,36.539,36.332,36.332,36.332,36.705,37.078,37.573,38.066,37.990,37.913,38.112,38.311,38.527,38.743,38.772,38.801,38.923,39.045,39.375,39.705,40.131,40.556,40.361,40.165,40.332,40.498,40.263,40.027,39.578,39.126,39.172,39.219,40.435,41.639,42.251,42.859,42.081,41.298,40.367,39.427,39.555,39.682,40.142,40.602,40.836,41.070,41.293,41.514,42.183,42.848,43.554,44.256,43.420,42.578,42.724,42.871,42.251,41.628,41.509,41.389,41.253,41.116,42.319,43.509,43.073,42.634,41.810,40.979,41.201,41.423,41.883,42.341,42.533,42.724,42.161,41.594,40.487,39.369,39.381,39.393,40.188,40.979,41.099,41.218,41.895,42.567,42.482,42.398,42.358,42.319,41.384,40.441,39.970,39.497,40.091,40.682,40.848,41.013,41.179,41.344,41.378,41.412,41.104,40.796,40.888,40.979,41.486,41.991,41.668,41.344,41.070,40.796,41.327,41.855,43.738,45.593,46.114,46.632,44.832,43.005,41.594,40.165,39.693,39.219,41.355,43.454,44.556,45.648,44.362,43.061,42.674,42.285,41.662,41.036,41.378,41.719,41.418,41.116,40.968,40.819,41.122,41.423,41.458,41.492,42.696,43.889,44.417,44.943,44.367,43.789,44.045,44.300,44.589,44.877,44.461,44.045,43.403,42.758,41.906,41.047,40.905,40.762,40.539,40.315,40.183,40.050,40.344,40.636,40.441,40.246,39.866,39.485,39.456
,48.814,48.396,47.976,47.154,46.327,45.801,45.274,45.075,44.877,44.744,44.611,43.867,43.118,42.556,41.991,42.036,42.081,41.821,41.560,41.742,41.923,41.946,41.968,42.013,42.059,42.724,43.386,43.744,44.100,43.621,43.140,43.454,43.766,43.005,42.240,40.990,39.728,38.905,38.077,38.510,38.940,39.022,39.103,38.836,38.568,38.486,38.405,38.603,38.801,38.882,38.964,38.766,38.568,38.428,38.288,38.335,38.381,38.358,38.335,38.054,37.773,37.267,36.759,36.557,36.355,36.248,36.141,35.700,35.257,35.113,34.968,34.740,34.510,34.679,34.848,34.788,34.728,34.860,34.992,35.257,35.520,35.974,36.427,36.415,36.403,36.367,36.332,36.486,36.640,36.794,36.948,36.913,36.877,37.467,38.054,37.808,37.561,37.361,37.161,37.608,38.054,38.206,38.358,37.667,36.972,36.924,36.877,36.936,36.995,37.302,37.608,37.514,37.420,37.773,38.124,37.773,37.420,37.420,37.420,37.373,37.326,37.326,37.326,37.172,37.019,36.901,36.782,36.830,36.877,36.320,35.760,35.951,36.141,36.699,37.255,37.702,38.148,38.148,38.148,38.300,38.451,38.556,38.661,38.708,38.754,38.696,38.638,38.638,38.638,38.789,38.940,39.138,39.335,39.912,40.487,40.165,39.843,39.207,38.568,38.743,38.917,40.096,41.264,41.866,42.465,41.821,41.173,40.521,39.866,39.832,39.797,40.441,41.082,41.344,41.605,41.560,41.514,41.458,41.401,42.522,43.632,42.972,42.307,41.889,41.469,41.480,41.492,41.492,41.492,41.503,41.514,42.848,44.167,42.994,41.810,41.355,40.899,41.458,42.013,42.916,43.811,43.576,43.342,42.544,41.742,40.590,39.427,39.439,39.450,40.223,40.990,40.933,40.876,41.560,42.240,42.138,42.036,41.560,41.082,40.475,39.866,39.739,39.612,40.521,41.423,41.446,41.469,41.548,41.628,41.310,40.990,40.750,40.510,40.647,40.785,41.537,42.285,41.946,41.605,41.526,41.446,42.183,42.916,44.987,47.024,47.674,48.320,46.512,44.677,43.039,41.378,40.590,39.797,42.002,44.167,45.812,47.436,45.505,43.543,43.353,43.162,42.386,41.605,41.503,41.401,41.093,40.785,40.808,40.830,41.389,41.946,42.081,42.217,43.543,44.854,45.197,45.538,44.821,44.100,43.900,43.699,43.889,44.078,44.045,44.011,43.442,42.871,41.991,41.104,40.933,40.762,40.727,40.693,40.487,40.280,40.521,40.762,40.647,40.533,40.200,39.866,39.670
,48.610,48.105,47.598,46.926,46.250,45.823,45.395,45.197,44.998,44.777,44.556,43.800,43.039,42.437,41.832,41.849,41.866,41.934,42.002,42.307,42.612,42.831,43.050,42.977,42.904,43.576,44.245,44.622,44.998,44.450,43.900,43.727,43.554,43.028,42.499,41.543,40.579,39.728,38.871,39.161,39.450,39.242,39.033,38.754,38.475,38.539,38.603,38.900,39.196,39.091,38.987,38.690,38.393,38.329,38.264,38.545,38.824,38.644,38.463,38.142,37.820,37.514,37.208,36.972,36.735,36.605,36.474,36.028,35.580,35.413,35.245,35.071,34.896,34.968,35.041,35.035,35.029,35.125,35.221,35.329,35.437,35.718,35.998,36.147,36.296,36.320,36.344,36.421,36.498,36.664,36.830,36.978,37.125,37.567,38.007,37.949,37.890,37.567,37.243,37.608,37.972,38.107,38.241,37.690,37.137,37.054,36.972,37.043,37.113,37.337,37.561,37.508,37.455,37.679,37.902,37.702,37.502,37.520,37.538,37.491,37.443,37.485,37.526,37.538,37.549,37.479,37.408,37.396,37.385,36.983,36.581,36.747,36.913,37.184,37.455,37.708,37.960,37.896,37.831,38.036,38.241,38.416,38.591,38.714,38.836,38.801,38.766,38.690,38.615,38.696,38.778,38.818,38.859,39.167,39.474,39.248,39.022,38.673,38.323,38.585,38.847,39.398,39.947,40.539,41.127,40.836,40.544,40.447,40.349,40.636,40.922,41.446,41.968,42.972,43.967,43.549,43.129,42.036,40.933,42.036,43.129,42.730,42.330,41.651,40.968,41.702,42.432,41.804,41.173,40.996,40.819,41.526,42.228,42.030,41.832,41.395,40.956,41.270,41.583,42.268,42.949,42.730,42.510,42.245,41.980,40.750,39.508,39.503,39.497,40.119,40.739,40.550,40.361,40.899,41.435,41.543,41.651,41.065,40.475,40.108,39.739,39.693,39.647,40.670,41.685,41.719,41.753,41.696,41.639,41.423,41.207,40.859,40.510,40.533,40.556,41.110,41.662,41.645,41.628,41.503,41.378,42.556,43.722,45.867,47.976,48.932,49.880,47.922,45.933,44.312,42.668,42.364,42.059,43.956,45.823,47.160,48.482,46.915,45.329,44.417,43.498,42.781,42.059,41.895,41.730,41.566,41.401,41.849,42.296,43.252,44.201,43.878,43.554,43.828,44.100,44.362,44.622,44.533,44.445,43.950,43.454,43.688,43.922,43.911,43.900,43.364,42.826,41.872,40.910,40.768,40.624,40.808,40.990,40.779,40.567,40.550,40.533,40.619,40.705,40.504,40.303,40.050
,48.406,47.814,47.219,46.698,46.174,45.845,45.516,45.318,45.120,44.810,44.500,43.733,42.960,42.319,41.673,41.662,41.651,42.047,42.443,42.871,43.297,43.710,44.123,43.933,43.744,44.423,45.097,45.494,45.889,45.274,44.655,44.000,43.342,43.050,42.758,42.093,41.423,40.544,39.658,39.809,39.958,39.462,38.964,38.673,38.381,38.591,38.801,39.196,39.589,39.300,39.010,38.615,38.218,38.229,38.241,38.754,39.265,38.929,38.591,38.229,37.866,37.761,37.655,37.385,37.113,36.960,36.806,36.355,35.903,35.712,35.520,35.401,35.281,35.257,35.233,35.281,35.329,35.389,35.449,35.401,35.353,35.461,35.568,35.879,36.189,36.272,36.355,36.355,36.355,36.534,36.711,37.043,37.373,37.667,37.960,38.089,38.218,37.773,37.326,37.608,37.890,38.007,38.124,37.714,37.302,37.184,37.066,37.149,37.231,37.373,37.514,37.502,37.491,37.585,37.679,37.632,37.585,37.620,37.655,37.608,37.561,37.643,37.726,37.902,38.077,38.054,38.031,37.960,37.890,37.643,37.396,37.538,37.679,37.667,37.655,37.714,37.773,37.643,37.514,37.773,38.031,38.276,38.521,38.719,38.917,38.905,38.894,38.743,38.591,38.603,38.615,38.498,38.381,38.416,38.451,38.323,38.194,38.136,38.077,38.428,38.778,38.696,38.615,39.196,39.774,39.843,39.912,40.372,40.830,41.435,42.036,42.443,42.848,44.578,46.283,45.505,44.722,42.612,40.464,41.548,42.623,42.488,42.353,41.412,40.464,41.923,43.364,42.115,40.853,40.487,40.119,40.188,40.257,41.059,41.855,41.435,41.013,41.082,41.150,41.617,42.081,41.878,41.673,41.946,42.217,40.910,39.589,39.566,39.543,40.016,40.487,40.165,39.843,40.234,40.624,40.945,41.264,40.567,39.866,39.739,39.612,39.647,39.682,40.819,41.946,41.991,42.036,41.844,41.651,41.537,41.423,40.968,40.510,40.418,40.326,40.682,41.036,41.344,41.651,41.480,41.310,42.927,44.522,46.741,48.921,50.177,51.421,49.316,47.176,45.571,43.945,44.112,44.278,45.878,47.458,48.492,49.519,48.310,47.089,45.472,43.833,43.174,42.510,42.285,42.059,42.036,42.013,42.882,43.744,45.086,46.414,45.648,44.877,44.112,43.342,43.521,43.699,44.245,44.788,44.000,43.207,43.487,43.766,43.777,43.789,43.286,42.781,41.753,40.716,40.602,40.487,40.888,41.287,41.070,40.853,40.579,40.303,40.590,40.876,40.808,40.739,40.430
,48.148,47.598,47.046,46.589,46.130,45.576,45.020,44.937,44.854,44.733,44.611,43.677,42.736,42.013,41.287,41.224,41.162,41.696,42.228,42.826,43.420,43.616,43.811,43.883,43.956,44.506,45.053,45.637,46.218,46.026,45.834,44.915,43.989,43.442,42.893,42.189,41.480,40.916,40.349,40.234,40.119,39.317,38.510,38.270,38.031,38.224,38.416,38.824,39.230,39.045,38.859,38.539,38.218,38.305,38.393,38.946,39.497,39.427,39.358,39.004,38.650,38.580,38.510,38.031,37.549,37.349,37.149,36.729,36.308,36.225,36.141,36.088,36.034,36.064,36.094,36.052,36.010,35.939,35.867,35.748,35.628,35.646,35.664,35.897,36.129,36.153,36.177,36.332,36.486,36.664,36.842,37.037,37.231,37.620,38.007,38.036,38.066,37.579,37.090,37.296,37.502,37.714,37.925,37.737,37.549,37.502,37.455,37.396,37.337,37.461,37.585,37.514,37.443,37.426,37.408,37.385,37.361,37.396,37.432,37.467,37.502,37.638,37.773,37.878,37.984,37.937,37.890,37.907,37.925,37.755,37.585,37.573,37.561,37.579,37.596,37.567,37.538,37.491,37.443,37.696,37.949,38.247,38.545,38.737,38.929,38.876,38.824,38.714,38.603,38.632,38.661,38.457,38.253,38.259,38.264,38.188,38.112,38.235,38.358,38.585,38.812,38.807,38.801,39.115,39.427,39.445,39.462,39.820,40.177,40.813,41.446,42.166,42.882,44.212,45.527,44.467,43.398,41.753,40.085,40.727,41.367,41.662,41.957,41.230,40.498,42.183,43.844,42.629,41.401,40.785,40.165,39.970,39.774,40.229,40.682,40.556,40.430,40.705,40.979,41.127,41.275,41.207,41.139,41.412,41.685,40.727,39.762,39.560,39.358,39.751,40.142,39.918,39.693,39.843,39.993,40.234,40.475,40.073,39.670,39.549,39.427,39.456,39.485,40.355,41.218,41.349,41.480,41.690,41.900,41.764,41.628,41.076,40.521,40.470,40.418,40.636,40.853,41.042,41.230,41.367,41.503,43.252,44.976,46.643,48.288,49.204,50.113,48.889,47.652,46.387,45.108,45.224,45.340,46.600,47.847,48.165,48.482,47.690,46.894,45.301,43.688,43.000,42.307,42.127,41.946,42.211,42.477,43.576,44.666,46.229,47.771,46.643,45.505,44.123,42.724,42.623,42.522,43.106,43.688,43.498,43.308,43.582,43.855,43.878,43.900,43.112,42.319,41.418,40.510,40.458,40.407,40.905,41.401,41.315,41.230,40.785,40.338,40.602,40.865,40.687,40.510,40.435
,47.890,47.382,46.872,46.480,46.086,45.307,44.522,44.556,44.589,44.655,44.722,43.621,42.510,41.707,40.899,40.785,40.670,41.344,42.013,42.781,43.543,43.521,43.498,43.833,44.167,44.589,45.009,45.780,46.545,46.774,47.002,45.823,44.633,43.833,43.028,42.285,41.537,41.287,41.036,40.659,40.280,39.172,38.054,37.866,37.679,37.855,38.031,38.451,38.871,38.789,38.708,38.463,38.218,38.381,38.545,39.138,39.728,39.924,40.119,39.774,39.427,39.393,39.358,38.673,37.984,37.737,37.491,37.102,36.711,36.735,36.759,36.771,36.782,36.865,36.948,36.818,36.688,36.486,36.284,36.094,35.903,35.831,35.760,35.915,36.070,36.034,35.998,36.308,36.617,36.794,36.972,37.031,37.090,37.573,38.054,37.984,37.913,37.385,36.853,36.983,37.113,37.420,37.726,37.761,37.796,37.820,37.843,37.643,37.443,37.549,37.655,37.526,37.396,37.267,37.137,37.137,37.137,37.172,37.208,37.326,37.443,37.632,37.820,37.855,37.890,37.820,37.749,37.855,37.960,37.866,37.773,37.608,37.443,37.491,37.538,37.420,37.302,37.337,37.373,37.620,37.866,38.218,38.568,38.754,38.940,38.847,38.754,38.684,38.615,38.661,38.708,38.416,38.124,38.101,38.077,38.054,38.031,38.335,38.638,38.743,38.847,38.917,38.987,39.033,39.080,39.045,39.010,39.265,39.520,40.188,40.853,41.889,42.916,43.844,44.766,43.420,42.059,40.888,39.705,39.901,40.096,40.830,41.560,41.047,40.533,42.443,44.323,43.140,41.946,41.082,40.211,39.751,39.288,39.393,39.497,39.670,39.843,40.326,40.808,40.636,40.464,40.533,40.602,40.876,41.150,40.544,39.935,39.555,39.172,39.485,39.797,39.670,39.543,39.450,39.358,39.520,39.682,39.578,39.474,39.358,39.242,39.265,39.288,39.889,40.487,40.705,40.922,41.537,42.149,41.991,41.832,41.184,40.533,40.521,40.510,40.590,40.670,40.739,40.808,41.253,41.696,43.576,45.428,46.545,47.652,48.224,48.793,48.460,48.127,47.198,46.261,46.327,46.392,47.317,48.234,47.836,47.436,47.067,46.698,45.131,43.543,42.826,42.104,41.968,41.832,42.386,42.938,44.267,45.582,47.360,49.113,47.631,46.130,44.134,42.104,41.719,41.332,41.957,42.578,42.994,43.409,43.677,43.945,43.978,44.011,42.938,41.855,41.082,40.303,40.315,40.326,40.922,41.514,41.560,41.605,40.990,40.372,40.613,40.853,40.567,40.280,40.441
,47.577,47.133,46.687,46.147,45.604,44.827,44.045,44.289,44.533,44.245,43.956,42.865,41.764,41.013,40.257,40.229,40.200,40.624,41.047,41.736,42.420,42.685,42.949,43.280,43.610,43.844,44.078,44.937,45.791,45.966,46.141,45.285,44.423,43.342,42.251,41.458,40.659,40.556,40.453,40.119,39.785,39.039,38.288,38.031,37.773,37.925,38.077,38.416,38.754,38.661,38.568,38.358,38.148,38.550,38.952,39.572,40.188,40.836,41.480,41.293,41.104,40.653,40.200,39.422,38.638,38.294,37.949,37.708,37.467,37.555,37.643,37.849,38.054,38.142,38.229,37.802,37.373,37.337,37.302,37.178,37.054,36.676,36.296,36.207,36.117,36.207,36.296,36.593,36.889,37.090,37.290,37.255,37.220,37.567,37.913,37.995,38.077,37.655,37.231,37.196,37.161,37.432,37.702,37.949,38.194,38.142,38.089,37.790,37.491,37.573,37.655,37.455,37.255,37.043,36.830,36.865,36.901,37.031,37.161,37.308,37.455,37.579,37.702,37.661,37.620,37.679,37.737,37.861,37.984,37.808,37.632,37.461,37.290,37.408,37.526,37.467,37.408,37.379,37.349,37.555,37.761,38.136,38.510,38.690,38.871,38.789,38.708,38.638,38.568,38.714,38.859,38.486,38.112,37.972,37.831,38.025,38.218,38.650,39.080,39.138,39.196,39.225,39.254,39.387,39.520,39.485,39.450,39.242,39.033,39.508,39.981,40.539,41.093,41.531,41.968,41.196,40.418,39.624,38.824,38.888,38.952,39.468,39.981,39.785,39.589,40.973,42.341,41.929,41.514,40.888,40.257,39.710,39.161,39.109,39.056,39.294,39.531,40.321,41.104,40.710,40.315,40.073,39.832,40.068,40.303,39.941,39.578,39.306,39.033,39.398,39.762,39.439,39.115,39.138,39.161,39.265,39.369,39.312,39.254,39.120,38.987,38.998,39.010,39.497,39.981,40.292,40.602,40.939,41.275,41.304,41.332,40.710,40.085,40.670,41.253,40.996,40.739,40.590,40.441,40.968,41.492,43.286,45.053,45.527,45.999,46.075,46.152,46.163,46.174,46.037,45.900,45.637,45.373,45.840,46.305,45.829,45.351,44.948,44.545,44.295,44.045,43.794,43.543,42.753,41.957,42.245,42.533,43.537,44.533,45.845,47.143,46.021,44.888,43.521,42.138,41.685,41.230,41.730,42.228,42.584,42.938,43.437,43.933,44.267,44.600,43.610,42.612,41.883,41.150,40.910,40.670,41.008,41.344,41.588,41.832,41.617,41.401,41.730,42.059,41.594,41.127,41.008
,47.263,46.883,46.502,45.812,45.120,44.345,43.565,44.023,44.478,43.833,43.185,42.104,41.013,40.315,39.612,39.670,39.728,39.901,40.073,40.682,41.287,41.844,42.398,42.724,43.050,43.095,43.140,44.089,45.031,45.153,45.274,44.744,44.212,42.848,41.469,40.624,39.774,39.820,39.866,39.578,39.288,38.905,38.521,38.194,37.866,37.995,38.124,38.381,38.638,38.533,38.428,38.253,38.077,38.719,39.358,40.004,40.647,41.742,42.826,42.792,42.758,41.900,41.036,40.165,39.288,38.847,38.405,38.311,38.218,38.370,38.521,38.917,39.312,39.404,39.497,38.778,38.054,38.183,38.311,38.253,38.194,37.514,36.830,36.498,36.165,36.379,36.593,36.877,37.161,37.385,37.608,37.479,37.349,37.561,37.773,38.007,38.241,37.925,37.608,37.408,37.208,37.443,37.679,38.136,38.591,38.463,38.335,37.937,37.538,37.596,37.655,37.385,37.113,36.818,36.522,36.593,36.664,36.889,37.113,37.290,37.467,37.526,37.585,37.467,37.349,37.538,37.726,37.866,38.007,37.749,37.491,37.314,37.137,37.326,37.514,37.514,37.514,37.420,37.326,37.491,37.655,38.054,38.451,38.626,38.801,38.731,38.661,38.591,38.521,38.766,39.010,38.556,38.101,37.843,37.585,37.995,38.405,38.964,39.520,39.531,39.543,39.531,39.520,39.739,39.958,39.924,39.889,39.219,38.545,38.824,39.103,39.172,39.242,39.172,39.103,38.929,38.754,38.346,37.937,37.866,37.796,38.089,38.381,38.510,38.638,39.485,40.326,40.705,41.082,40.693,40.303,39.670,39.033,38.824,38.615,38.917,39.219,40.315,41.401,40.785,40.165,39.612,39.056,39.254,39.450,39.335,39.219,39.056,38.894,39.312,39.728,39.207,38.684,38.824,38.964,39.010,39.056,39.045,39.033,38.882,38.731,38.731,38.731,39.103,39.474,39.878,40.280,40.338,40.395,40.613,40.830,40.234,39.635,40.819,41.991,41.401,40.808,40.441,40.073,40.682,41.287,42.994,44.677,44.500,44.323,43.889,43.454,43.822,44.189,44.866,45.538,44.943,44.345,44.345,44.345,43.789,43.230,42.792,42.353,43.454,44.545,44.755,44.965,43.532,42.081,42.104,42.127,42.803,43.476,44.312,45.142,44.389,43.632,42.904,42.172,41.651,41.127,41.503,41.878,42.172,42.465,43.196,43.922,44.556,45.186,44.278,43.364,42.679,41.991,41.503,41.013,41.093,41.173,41.617,42.059,42.240,42.420,42.837,43.252,42.612,41.968,41.571
,46.621,46.130,45.637,44.877,44.112,43.588,43.061,43.118,43.174,42.533,41.889,41.070,40.246,39.757,39.265,39.341,39.416,39.595,39.774,40.269,40.762,41.218,41.673,41.810,41.946,42.076,42.206,43.005,43.800,43.733,43.666,43.286,42.904,41.730,40.544,39.901,39.254,39.387,39.520,39.306,39.091,38.795,38.498,38.457,38.416,38.416,38.416,38.480,38.545,38.393,38.241,38.539,38.836,39.219,39.601,40.298,40.990,42.155,43.308,43.398,43.487,42.702,41.912,41.019,40.119,39.664,39.207,39.248,39.288,39.491,39.693,39.670,39.647,39.641,39.635,39.474,39.312,39.531,39.751,39.410,39.068,38.317,37.561,37.308,37.054,37.084,37.113,37.479,37.843,37.984,38.124,37.808,37.491,37.491,37.491,37.907,38.323,38.253,38.183,37.790,37.396,37.608,37.820,38.148,38.475,38.469,38.463,38.083,37.702,37.690,37.679,37.479,37.279,37.096,36.913,36.776,36.640,36.942,37.243,37.367,37.491,37.543,37.596,37.673,37.749,37.825,37.902,37.954,38.007,37.790,37.573,37.491,37.408,37.520,37.632,37.726,37.820,37.614,37.408,37.573,37.737,38.112,38.486,38.725,38.964,38.859,38.754,38.795,38.836,38.917,38.998,38.556,38.112,37.849,37.585,37.960,38.335,39.027,39.716,39.814,39.912,39.716,39.520,39.589,39.658,39.693,39.728,39.288,38.847,38.917,38.987,38.969,38.952,38.824,38.696,38.585,38.475,38.048,37.620,37.467,37.314,37.496,37.679,37.902,38.124,38.847,39.566,39.728,39.889,39.768,39.647,39.213,38.778,38.650,38.521,38.644,38.766,39.474,40.177,39.855,39.531,38.946,38.358,38.574,38.789,38.807,38.824,38.871,38.917,39.161,39.404,38.900,38.393,38.609,38.824,38.842,38.859,38.830,38.801,38.731,38.661,38.597,38.533,39.016,39.497,39.878,40.257,40.395,40.533,40.653,40.773,40.556,40.338,41.156,41.968,41.367,40.762,40.579,40.395,40.859,41.321,42.358,43.386,43.084,42.781,42.544,42.307,42.313,42.319,42.724,43.129,43.022,42.916,43.140,43.364,43.005,42.646,42.420,42.194,42.837,43.476,43.666,43.855,42.719,41.571,41.543,41.514,42.121,42.724,43.218,43.710,43.274,42.837,42.386,41.934,41.418,40.899,41.622,42.341,43.073,43.800,44.162,44.522,44.722,44.921,44.306,43.688,43.705,43.722,43.112,42.499,42.059,41.617,41.821,42.025,42.437,42.848,43.241,43.632,43.005,42.375,41.991
,45.977,45.373,44.766,43.933,43.095,42.826,42.556,42.206,41.855,41.218,40.579,40.027,39.474,39.196,38.917,39.010,39.103,39.288,39.474,39.855,40.234,40.590,40.945,40.888,40.830,41.047,41.264,41.912,42.556,42.296,42.036,41.810,41.583,40.602,39.612,39.172,38.731,38.952,39.172,39.033,38.894,38.684,38.475,38.719,38.964,38.836,38.708,38.580,38.451,38.253,38.054,38.824,39.589,39.716,39.843,40.590,41.332,42.567,43.789,44.000,44.212,43.498,42.781,41.866,40.945,40.475,40.004,40.177,40.349,40.602,40.853,40.418,39.981,39.878,39.774,40.165,40.556,40.865,41.173,40.556,39.935,39.115,38.288,38.112,37.937,37.784,37.632,38.077,38.521,38.580,38.638,38.136,37.632,37.420,37.208,37.808,38.405,38.580,38.754,38.171,37.585,37.773,37.960,38.159,38.358,38.475,38.591,38.229,37.866,37.784,37.702,37.573,37.443,37.373,37.302,36.960,36.617,36.995,37.373,37.443,37.514,37.561,37.608,37.878,38.148,38.112,38.077,38.042,38.007,37.831,37.655,37.667,37.679,37.714,37.749,37.937,38.124,37.808,37.491,37.655,37.820,38.171,38.521,38.824,39.126,38.987,38.847,38.998,39.149,39.068,38.987,38.556,38.124,37.855,37.585,37.925,38.264,39.091,39.912,40.096,40.280,39.901,39.520,39.439,39.358,39.462,39.566,39.358,39.149,39.010,38.871,38.766,38.661,38.475,38.288,38.241,38.194,37.749,37.302,37.066,36.830,36.901,36.972,37.290,37.608,38.206,38.801,38.743,38.684,38.836,38.987,38.754,38.521,38.475,38.428,38.370,38.311,38.626,38.940,38.917,38.894,38.276,37.655,37.890,38.124,38.276,38.428,38.684,38.940,39.010,39.080,38.591,38.101,38.393,38.684,38.673,38.661,38.615,38.568,38.580,38.591,38.463,38.335,38.929,39.520,39.878,40.234,40.453,40.670,40.693,40.716,40.876,41.036,41.492,41.946,41.332,40.716,40.716,40.716,41.036,41.355,41.719,42.081,41.651,41.218,41.184,41.150,40.785,40.418,40.544,40.670,41.070,41.469,41.923,42.375,42.217,42.059,42.047,42.036,42.217,42.398,42.567,42.736,41.900,41.059,40.979,40.899,41.435,41.968,42.115,42.262,42.149,42.036,41.866,41.696,41.184,40.670,41.742,42.803,43.967,45.120,45.120,45.120,44.888,44.655,44.334,44.011,44.722,45.428,44.700,43.967,43.017,42.059,42.025,41.991,42.634,43.274,43.644,44.011,43.398,42.781,42.409
,44.500,43.883,43.263,42.691,42.115,41.878,41.639,41.315,40.990,40.464,39.935,39.537,39.138,38.952,38.766,38.853,38.940,39.144,39.346,39.693,40.039,40.206,40.372,40.389,40.407,40.705,41.002,41.509,42.013,41.526,41.036,40.973,40.910,40.148,39.381,39.091,38.801,39.016,39.230,39.033,38.836,38.650,38.463,38.702,38.940,38.981,39.022,38.760,38.498,38.486,38.475,39.630,40.773,41.025,41.275,41.662,42.047,42.882,43.710,43.710,43.710,43.302,42.893,42.674,42.454,42.381,42.307,41.685,41.059,40.899,40.739,40.458,40.177,40.114,40.050,40.527,41.002,41.355,41.707,41.173,40.636,39.641,38.638,38.527,38.416,38.416,38.416,38.626,38.836,38.766,38.696,38.253,37.808,37.573,37.337,37.913,38.486,38.655,38.824,38.335,37.843,37.837,37.831,38.077,38.323,38.451,38.580,38.264,37.949,37.825,37.702,37.543,37.385,37.426,37.467,37.202,36.936,37.279,37.620,37.796,37.972,38.071,38.171,38.224,38.276,38.270,38.264,38.253,38.241,38.130,38.019,37.984,37.949,37.907,37.866,37.960,38.054,37.737,37.420,37.538,37.655,38.036,38.416,38.690,38.964,38.859,38.754,38.778,38.801,38.725,38.650,38.305,37.960,37.720,37.479,37.708,37.937,38.708,39.474,39.710,39.947,39.705,39.462,39.283,39.103,39.120,39.138,38.969,38.801,38.609,38.416,38.405,38.393,38.323,38.253,38.194,38.136,37.790,37.443,37.255,37.066,37.054,37.043,37.208,37.373,37.878,38.381,38.300,38.218,38.259,38.300,38.194,38.089,38.107,38.124,38.282,38.440,38.550,38.661,38.527,38.393,37.949,37.502,37.726,37.949,38.066,38.183,38.545,38.905,38.865,38.824,38.492,38.159,38.393,38.626,38.358,38.089,38.054,38.019,38.148,38.276,38.253,38.229,38.568,38.905,39.294,39.682,39.843,40.004,40.091,40.177,40.361,40.544,40.819,41.093,40.705,40.315,40.453,40.590,41.019,41.446,41.401,41.355,41.190,41.025,40.939,40.853,40.447,40.039,39.855,39.670,40.217,40.762,41.412,42.059,42.149,42.240,42.454,42.668,42.539,42.409,42.494,42.578,41.923,41.264,41.104,40.945,41.184,41.423,41.583,41.742,41.656,41.571,41.452,41.332,40.973,40.613,41.361,42.104,43.454,44.788,45.004,45.219,44.854,44.489,44.100,43.710,44.289,44.866,44.777,44.689,43.621,42.544,42.584,42.623,43.078,43.532,43.716,43.900,43.627,43.353,43.302
,43.005,42.375,41.742,41.435,41.127,40.922,40.716,40.418,40.119,39.705,39.288,39.045,38.801,38.708,38.615,38.696,38.778,38.998,39.219,39.531,39.843,39.820,39.797,39.889,39.981,40.361,40.739,41.104,41.469,40.750,40.027,40.131,40.234,39.693,39.149,39.010,38.871,39.080,39.288,39.033,38.778,38.615,38.451,38.684,38.917,39.126,39.335,38.940,38.545,38.719,38.894,40.430,41.946,42.319,42.691,42.724,42.758,43.196,43.632,43.420,43.207,43.106,43.005,43.476,43.945,44.256,44.567,43.174,41.764,41.196,40.624,40.498,40.372,40.349,40.326,40.888,41.446,41.844,42.240,41.787,41.332,40.165,38.987,38.940,38.894,39.045,39.196,39.172,39.149,38.952,38.754,38.370,37.984,37.726,37.467,38.019,38.568,38.731,38.894,38.498,38.101,37.902,37.702,37.995,38.288,38.428,38.568,38.300,38.031,37.866,37.702,37.514,37.326,37.479,37.632,37.443,37.255,37.561,37.866,38.148,38.428,38.580,38.731,38.568,38.405,38.428,38.451,38.463,38.475,38.428,38.381,38.300,38.218,38.101,37.984,37.984,37.984,37.667,37.349,37.420,37.491,37.902,38.311,38.556,38.801,38.731,38.661,38.556,38.451,38.381,38.311,38.054,37.796,37.585,37.373,37.491,37.608,38.323,39.033,39.323,39.612,39.508,39.404,39.126,38.847,38.778,38.708,38.580,38.451,38.206,37.960,38.042,38.124,38.171,38.218,38.148,38.077,37.831,37.585,37.443,37.302,37.208,37.113,37.125,37.137,37.549,37.960,37.855,37.749,37.679,37.608,37.632,37.655,37.737,37.820,38.194,38.568,38.475,38.381,38.136,37.890,37.620,37.349,37.561,37.773,37.855,37.937,38.405,38.871,38.719,38.568,38.393,38.218,38.393,38.568,38.042,37.514,37.491,37.467,37.714,37.960,38.042,38.124,38.206,38.288,38.708,39.126,39.230,39.335,39.485,39.635,39.843,40.050,40.142,40.234,40.073,39.912,40.188,40.464,41.002,41.537,41.082,40.624,40.727,40.830,40.693,40.556,40.108,39.658,39.161,38.661,39.358,40.050,40.899,41.742,42.081,42.420,42.859,43.297,42.859,42.420,42.420,42.420,41.946,41.469,41.230,40.990,40.933,40.876,41.047,41.218,41.162,41.104,41.036,40.968,40.762,40.556,40.979,41.401,42.938,44.456,44.888,45.318,44.821,44.323,43.867,43.409,43.855,44.300,44.854,45.406,44.223,43.028,43.140,43.252,43.521,43.789,43.789,43.789,43.855,43.922,44.189
,41.810,41.247,40.682,40.567,40.453,40.338,40.223,40.027,39.832,39.404,38.975,38.812,38.650,38.650,38.650,38.719,38.789,39.010,39.230,39.497,39.762,39.803,39.843,39.889,39.935,40.498,41.059,41.213,41.367,40.504,39.635,39.612,39.589,39.526,39.462,39.312,39.161,39.283,39.404,39.091,38.778,38.562,38.346,38.480,38.615,38.737,38.859,38.515,38.171,38.708,39.242,40.745,42.228,42.324,42.420,42.211,42.002,42.443,42.882,43.005,43.129,43.509,43.889,44.245,44.600,44.689,44.777,43.755,42.724,42.296,41.866,41.173,40.475,40.464,40.453,40.830,41.207,41.690,42.172,42.353,42.533,41.087,39.624,39.728,39.832,40.039,40.246,40.056,39.866,39.728,39.589,39.085,38.580,38.480,38.381,38.661,38.940,38.882,38.824,38.673,38.521,38.294,38.066,38.259,38.451,38.597,38.743,38.410,38.077,37.919,37.761,37.596,37.432,37.561,37.690,37.614,37.538,37.831,38.124,38.416,38.708,38.696,38.684,38.405,38.124,38.282,38.440,38.486,38.533,38.533,38.533,38.352,38.171,38.095,38.019,38.066,38.112,37.737,37.361,37.514,37.667,37.995,38.323,38.486,38.650,38.620,38.591,38.405,38.218,38.142,38.066,37.814,37.561,37.520,37.479,37.608,37.737,38.300,38.859,39.172,39.485,39.450,39.416,39.115,38.812,38.789,38.766,38.562,38.358,38.153,37.949,38.077,38.206,38.264,38.323,38.130,37.937,37.685,37.432,37.349,37.267,37.273,37.279,37.220,37.161,37.514,37.866,37.843,37.820,37.708,37.596,37.614,37.632,37.685,37.737,38.148,38.556,38.405,38.253,37.995,37.737,37.596,37.455,37.526,37.596,37.825,38.054,38.504,38.952,38.807,38.661,38.229,37.796,37.896,37.995,37.661,37.326,37.332,37.337,37.555,37.773,37.784,37.796,37.925,38.054,38.358,38.661,38.789,38.917,39.115,39.312,39.583,39.855,39.981,40.108,39.981,39.855,40.114,40.372,40.830,41.287,40.996,40.705,40.750,40.796,40.762,40.727,40.108,39.485,38.952,38.416,38.737,39.056,39.964,40.865,41.304,41.742,42.008,42.274,42.155,42.036,42.556,43.073,42.398,41.719,41.236,40.750,40.699,40.647,40.739,40.830,40.676,40.521,40.647,40.773,40.945,41.116,41.184,41.253,42.353,43.442,44.212,44.976,44.556,44.134,43.454,42.769,43.140,43.509,43.855,44.201,43.487,42.769,43.050,43.330,43.733,44.134,44.411,44.689,44.777,44.866,45.086
,40.602,40.108,39.612,39.693,39.774,39.751,39.728,39.635,39.543,39.103,38.661,38.580,38.498,38.591,38.684,38.743,38.801,39.022,39.242,39.462,39.682,39.785,39.889,39.889,39.889,40.636,41.378,41.321,41.264,40.257,39.242,39.091,38.940,39.358,39.774,39.612,39.450,39.485,39.520,39.149,38.778,38.510,38.241,38.276,38.311,38.346,38.381,38.089,37.796,38.696,39.589,41.059,42.510,42.330,42.149,41.696,41.241,41.685,42.127,42.589,43.050,43.911,44.766,45.009,45.252,45.120,44.987,44.334,43.677,43.386,43.095,41.844,40.579,40.579,40.579,40.773,40.968,41.537,42.104,42.916,43.722,42.002,40.257,40.510,40.762,41.025,41.287,40.933,40.579,40.498,40.418,39.797,39.172,39.230,39.288,39.300,39.312,39.033,38.754,38.847,38.940,38.684,38.428,38.521,38.615,38.766,38.917,38.521,38.124,37.972,37.820,37.679,37.538,37.643,37.749,37.784,37.820,38.101,38.381,38.684,38.987,38.812,38.638,38.241,37.843,38.136,38.428,38.510,38.591,38.638,38.684,38.405,38.124,38.089,38.054,38.148,38.241,37.808,37.373,37.608,37.843,38.089,38.335,38.416,38.498,38.510,38.521,38.253,37.984,37.902,37.820,37.573,37.326,37.455,37.585,37.726,37.866,38.276,38.684,39.022,39.358,39.393,39.427,39.103,38.778,38.801,38.824,38.545,38.264,38.101,37.937,38.112,38.288,38.358,38.428,38.112,37.796,37.538,37.279,37.255,37.231,37.337,37.443,37.314,37.184,37.479,37.773,37.831,37.890,37.737,37.585,37.596,37.608,37.632,37.655,38.101,38.545,38.335,38.124,37.855,37.585,37.573,37.561,37.491,37.420,37.796,38.171,38.603,39.033,38.894,38.754,38.066,37.373,37.396,37.420,37.279,37.137,37.172,37.208,37.396,37.585,37.526,37.467,37.643,37.820,38.007,38.194,38.346,38.498,38.743,38.987,39.323,39.658,39.820,39.981,39.889,39.797,40.039,40.280,40.659,41.036,40.910,40.785,40.773,40.762,40.830,40.899,40.108,39.312,38.743,38.171,38.112,38.054,39.022,39.981,40.521,41.059,41.150,41.241,41.446,41.651,42.691,43.722,42.848,41.968,41.241,40.510,40.464,40.418,40.430,40.441,40.188,39.935,40.257,40.579,41.127,41.673,41.389,41.104,41.764,42.420,43.532,44.633,44.289,43.945,43.039,42.127,42.420,42.713,42.848,42.983,42.747,42.510,42.960,43.409,43.945,44.478,45.031,45.582,45.692,45.801,45.977
,39.751,39.468,39.184,39.207,39.230,39.277,39.323,39.306,39.288,38.888,38.486,38.475,38.463,38.545,38.626,38.766,38.905,39.062,39.219,39.433,39.647,39.647,39.647,39.901,40.154,40.768,41.378,41.065,40.750,39.676,38.591,38.416,38.241,38.609,38.975,38.940,38.905,38.911,38.917,38.679,38.440,38.235,38.031,37.990,37.949,38.054,38.159,38.107,38.054,38.882,39.705,41.087,42.454,42.177,41.900,41.446,40.990,41.668,42.341,42.691,43.039,43.766,44.489,44.655,44.821,44.450,44.078,44.245,44.411,44.461,44.511,43.476,42.432,41.588,40.739,40.830,40.922,41.355,41.787,42.364,42.938,42.324,41.707,42.110,42.510,42.713,42.916,42.364,41.810,41.821,41.832,40.693,39.543,39.271,38.998,38.981,38.964,38.778,38.591,38.812,39.033,38.836,38.638,38.684,38.731,38.900,39.068,38.783,38.498,38.264,38.031,37.814,37.596,37.620,37.643,37.749,37.855,38.019,38.183,38.550,38.917,38.842,38.766,38.539,38.311,38.469,38.626,38.708,38.789,38.597,38.405,38.183,37.960,37.872,37.784,37.907,38.031,37.761,37.491,37.714,37.937,38.276,38.615,38.714,38.812,39.103,39.393,39.242,39.091,38.655,38.218,38.001,37.784,38.013,38.241,38.159,38.077,38.615,39.149,39.398,39.647,39.589,39.531,39.115,38.696,38.708,38.719,38.527,38.335,38.253,38.171,38.405,38.638,38.743,38.847,38.445,38.042,37.737,37.432,37.332,37.231,37.296,37.361,37.361,37.361,37.449,37.538,37.608,37.679,37.649,37.620,37.591,37.561,37.632,37.702,38.148,38.591,38.387,38.183,37.931,37.679,37.690,37.702,37.543,37.385,37.755,38.124,38.591,39.056,38.667,38.276,37.802,37.326,37.249,37.172,37.066,36.960,37.143,37.326,37.461,37.596,37.520,37.443,37.643,37.843,38.031,38.218,38.346,38.475,38.731,38.987,39.265,39.543,39.693,39.843,39.722,39.601,39.791,39.981,40.073,40.165,40.091,40.016,40.033,40.050,40.349,40.647,40.108,39.566,39.068,38.568,38.381,38.194,38.836,39.474,40.022,40.567,40.808,41.047,41.236,41.423,42.093,42.758,42.008,41.253,40.779,40.303,40.372,40.441,40.544,40.647,40.321,39.993,40.338,40.682,41.190,41.696,41.583,41.469,41.668,41.866,43.017,44.156,44.228,44.300,43.537,42.769,43.168,43.565,43.688,43.811,43.302,42.792,43.106,43.420,44.212,44.998,45.626,46.250,46.425,46.600,46.452
,38.894,38.824,38.754,38.719,38.684,38.801,38.917,38.975,39.033,38.673,38.311,38.370,38.428,38.498,38.568,38.789,39.010,39.103,39.196,39.404,39.612,39.508,39.404,39.912,40.418,40.899,41.378,40.808,40.234,39.091,37.937,37.737,37.538,37.855,38.171,38.264,38.358,38.335,38.311,38.206,38.101,37.960,37.820,37.702,37.585,37.761,37.937,38.124,38.311,39.068,39.820,41.116,42.398,42.025,41.651,41.196,40.739,41.651,42.556,42.792,43.028,43.621,44.212,44.300,44.389,43.777,43.162,44.156,45.142,45.527,45.911,45.086,44.256,42.589,40.899,40.888,40.876,41.173,41.469,41.810,42.149,42.646,43.140,43.688,44.234,44.378,44.522,43.777,43.028,43.129,43.230,41.583,39.912,39.312,38.708,38.661,38.615,38.521,38.428,38.778,39.126,38.987,38.847,38.847,38.847,39.033,39.219,39.045,38.871,38.556,38.241,37.949,37.655,37.596,37.538,37.714,37.890,37.937,37.984,38.416,38.847,38.871,38.894,38.836,38.778,38.801,38.824,38.905,38.987,38.556,38.124,37.960,37.796,37.655,37.514,37.667,37.820,37.714,37.608,37.820,38.031,38.463,38.894,39.010,39.126,39.693,40.257,40.223,40.188,39.404,38.615,38.428,38.241,38.568,38.894,38.591,38.288,38.952,39.612,39.774,39.935,39.785,39.635,39.126,38.615,38.615,38.615,38.510,38.405,38.405,38.405,38.696,38.987,39.126,39.265,38.778,38.288,37.937,37.585,37.408,37.231,37.255,37.279,37.408,37.538,37.420,37.302,37.385,37.467,37.561,37.655,37.585,37.514,37.632,37.749,38.194,38.638,38.440,38.241,38.007,37.773,37.808,37.843,37.596,37.349,37.714,38.077,38.580,39.080,38.440,37.796,37.538,37.279,37.102,36.924,36.853,36.782,37.113,37.443,37.526,37.608,37.514,37.420,37.643,37.866,38.054,38.241,38.346,38.451,38.719,38.987,39.207,39.427,39.566,39.705,39.555,39.404,39.543,39.682,39.485,39.288,39.265,39.242,39.288,39.335,39.866,40.395,40.108,39.820,39.393,38.964,38.650,38.335,38.650,38.964,39.520,40.073,40.464,40.853,41.025,41.196,41.492,41.787,41.162,40.533,40.315,40.096,40.280,40.464,40.659,40.853,40.453,40.050,40.418,40.785,41.253,41.719,41.776,41.832,41.571,41.310,42.499,43.677,44.167,44.655,44.034,43.409,43.911,44.411,44.522,44.633,43.855,43.073,43.252,43.431,44.478,45.516,46.218,46.915,47.154,47.393,46.926
,38.451,38.381,38.311,38.329,38.346,38.451,38.556,38.609,38.661,38.422,38.183,38.300,38.416,38.515,38.615,38.807,38.998,38.993,38.987,39.103,39.219,39.172,39.126,39.566,40.004,40.470,40.933,40.727,40.521,39.300,38.066,37.620,37.172,37.343,37.514,37.473,37.432,37.190,36.948,37.125,37.302,37.455,37.608,37.420,37.231,37.591,37.949,38.001,38.054,38.480,38.905,40.298,41.673,41.883,42.093,41.452,40.808,41.372,41.934,41.906,41.878,42.364,42.848,42.696,42.544,42.803,43.061,44.095,45.120,45.230,45.340,44.733,44.123,42.775,41.412,41.127,40.842,41.384,41.923,42.189,42.454,42.820,43.185,43.694,44.201,44.206,44.212,43.800,43.386,43.146,42.904,41.611,40.303,39.768,39.230,38.975,38.719,38.667,38.615,38.905,39.196,38.975,38.754,38.708,38.661,38.865,39.068,39.138,39.207,38.964,38.719,38.428,38.136,37.990,37.843,37.925,38.007,37.995,37.984,38.335,38.684,38.696,38.708,38.684,38.661,38.748,38.836,38.824,38.812,38.486,38.159,37.872,37.585,37.532,37.479,37.720,37.960,37.843,37.726,37.919,38.112,38.521,38.929,39.149,39.369,39.889,40.407,40.407,40.407,39.693,38.975,38.888,38.801,39.091,39.381,39.062,38.743,39.543,40.338,40.481,40.624,40.384,40.142,39.618,39.091,39.033,38.975,38.836,38.696,38.655,38.615,38.917,39.219,39.283,39.346,39.010,38.673,38.405,38.136,37.643,37.149,37.102,37.054,37.231,37.408,37.343,37.279,37.326,37.373,37.496,37.620,37.561,37.502,37.567,37.632,38.031,38.428,38.381,38.335,38.013,37.690,37.773,37.855,37.702,37.549,37.866,38.183,38.399,38.615,38.317,38.019,37.755,37.491,37.231,36.972,36.895,36.818,37.072,37.326,37.249,37.172,37.125,37.078,37.408,37.737,38.089,38.440,38.475,38.510,38.690,38.871,38.998,39.126,39.358,39.589,39.433,39.277,39.230,39.184,39.062,38.940,38.952,38.964,39.091,39.219,39.716,40.211,40.114,40.016,40.010,40.004,39.607,39.207,39.369,39.531,39.751,39.970,40.240,40.510,41.002,41.492,41.531,41.571,40.968,40.361,40.050,39.739,39.866,39.993,40.533,41.070,40.882,40.693,40.647,40.602,40.853,41.104,41.349,41.594,41.492,41.389,42.556,43.710,44.206,44.700,44.400,44.100,44.639,45.175,45.747,46.316,45.483,44.644,44.334,44.023,44.866,45.703,46.600,47.490,47.311,47.133,46.714
,38.007,37.937,37.866,37.937,38.007,38.101,38.194,38.241,38.288,38.171,38.054,38.229,38.405,38.533,38.661,38.824,38.987,38.882,38.778,38.801,38.824,38.836,38.847,39.219,39.589,40.039,40.487,40.647,40.808,39.508,38.194,37.502,36.806,36.830,36.853,36.676,36.498,36.034,35.568,36.034,36.498,36.948,37.396,37.137,36.877,37.420,37.960,37.878,37.796,37.890,37.984,39.474,40.945,41.742,42.533,41.707,40.876,41.093,41.310,41.013,40.716,41.093,41.469,41.070,40.670,41.821,42.960,44.034,45.097,44.932,44.766,44.378,43.989,42.960,41.923,41.367,40.808,41.594,42.375,42.567,42.758,42.994,43.230,43.699,44.167,44.034,43.900,43.822,43.744,43.162,42.578,41.639,40.693,40.223,39.751,39.288,38.824,38.812,38.801,39.033,39.265,38.964,38.661,38.568,38.475,38.696,38.917,39.230,39.543,39.369,39.196,38.905,38.615,38.381,38.148,38.136,38.124,38.054,37.984,38.253,38.521,38.521,38.521,38.533,38.545,38.696,38.847,38.743,38.638,38.416,38.194,37.784,37.373,37.408,37.443,37.773,38.101,37.972,37.843,38.019,38.194,38.580,38.964,39.288,39.612,40.085,40.556,40.590,40.624,39.981,39.335,39.346,39.358,39.612,39.866,39.531,39.196,40.131,41.059,41.184,41.310,40.979,40.647,40.108,39.566,39.450,39.335,39.161,38.987,38.905,38.824,39.138,39.450,39.439,39.427,39.242,39.056,38.871,38.684,37.878,37.066,36.948,36.830,37.054,37.279,37.267,37.255,37.267,37.279,37.432,37.585,37.538,37.491,37.502,37.514,37.866,38.218,38.323,38.428,38.019,37.608,37.737,37.866,37.808,37.749,38.019,38.288,38.218,38.148,38.194,38.241,37.972,37.702,37.361,37.019,36.936,36.853,37.031,37.208,36.972,36.735,36.735,36.735,37.172,37.608,38.124,38.638,38.603,38.568,38.661,38.754,38.789,38.824,39.149,39.474,39.312,39.149,38.917,38.684,38.638,38.591,38.638,38.684,38.894,39.103,39.566,40.027,40.119,40.211,40.624,41.036,40.556,40.073,40.085,40.096,39.981,39.866,40.016,40.165,40.979,41.787,41.571,41.355,40.773,40.188,39.785,39.381,39.450,39.520,40.407,41.287,41.310,41.332,40.876,40.418,40.453,40.487,40.922,41.355,41.412,41.469,42.612,43.744,44.245,44.744,44.766,44.788,45.362,45.933,46.959,47.976,47.089,46.196,45.406,44.611,45.252,45.889,46.981,48.062,47.468,46.872,46.502
,38.054,37.907,37.761,37.755,37.749,37.790,37.831,37.890,37.949,37.943,37.937,38.188,38.440,38.568,38.696,38.696,38.696,38.626,38.556,38.539,38.521,38.375,38.229,38.451,38.673,39.433,40.188,40.424,40.659,39.479,38.288,37.543,36.794,36.474,36.153,35.772,35.389,35.173,34.956,35.688,36.415,36.771,37.125,36.800,36.474,36.759,37.043,37.108,37.172,37.326,37.479,38.917,40.338,40.607,40.876,40.596,40.315,40.636,40.956,40.481,40.004,40.349,40.693,40.516,40.338,41.475,42.601,43.448,44.289,43.710,43.129,42.663,42.194,41.577,40.956,40.768,40.579,41.122,41.662,41.764,41.866,41.985,42.104,42.527,42.949,43.308,43.666,43.828,43.989,43.476,42.960,42.307,41.651,41.412,41.173,40.533,39.889,39.716,39.543,39.416,39.288,39.207,39.126,39.097,39.068,39.039,39.010,39.410,39.809,39.993,40.177,39.837,39.497,39.219,38.940,38.754,38.568,38.521,38.475,38.556,38.638,38.527,38.416,38.480,38.545,38.702,38.859,38.714,38.568,38.457,38.346,38.159,37.972,37.790,37.608,37.825,38.042,37.937,37.831,38.031,38.229,38.580,38.929,39.265,39.601,39.941,40.280,40.280,40.280,39.866,39.450,39.242,39.033,39.254,39.474,39.404,39.335,40.160,40.979,41.270,41.560,41.230,40.899,40.441,39.981,39.901,39.820,39.647,39.474,39.445,39.416,39.468,39.520,39.346,39.172,39.068,38.964,38.812,38.661,37.990,37.314,37.172,37.031,37.054,37.078,37.208,37.337,37.326,37.314,37.473,37.632,37.602,37.573,37.567,37.561,37.808,38.054,38.218,38.381,38.083,37.784,37.820,37.855,37.902,37.949,38.101,38.253,38.183,38.112,38.048,37.984,38.001,38.019,37.679,37.337,36.966,36.593,36.942,37.290,37.096,36.901,36.836,36.771,37.172,37.573,38.001,38.428,38.510,38.591,38.667,38.743,38.650,38.556,38.876,39.196,39.068,38.940,38.807,38.673,38.527,38.381,38.463,38.545,38.731,38.917,39.352,39.785,40.045,40.303,40.579,40.853,40.750,40.647,40.567,40.487,40.056,39.624,39.930,40.234,41.070,41.900,41.503,41.104,40.642,40.177,39.826,39.474,39.416,39.358,40.424,41.480,41.827,42.172,42.059,41.946,41.753,41.560,41.275,40.990,41.065,41.139,42.047,42.949,43.727,44.500,44.661,44.821,45.186,45.549,46.485,47.414,47.035,46.654,45.543,44.423,44.810,45.197,46.485,47.760,47.301,46.839,46.256
,38.101,37.878,37.655,37.573,37.491,37.479,37.467,37.538,37.608,37.714,37.820,38.148,38.475,38.603,38.731,38.568,38.405,38.370,38.335,38.276,38.218,37.913,37.608,37.679,37.749,38.824,39.889,40.200,40.510,39.450,38.381,37.585,36.782,36.117,35.449,34.860,34.268,34.305,34.341,35.341,36.332,36.593,36.853,36.462,36.070,36.094,36.117,36.332,36.545,36.759,36.972,38.358,39.728,39.462,39.196,39.474,39.751,40.177,40.602,39.947,39.288,39.601,39.912,39.958,40.004,41.127,42.240,42.859,43.476,42.477,41.469,40.922,40.372,40.177,39.981,40.165,40.349,40.647,40.945,40.956,40.968,40.968,40.968,41.344,41.719,42.578,43.431,43.833,44.234,43.789,43.342,42.972,42.601,42.589,42.578,41.764,40.945,40.613,40.280,39.797,39.312,39.450,39.589,39.624,39.658,39.381,39.103,39.589,40.073,40.613,41.150,40.762,40.372,40.050,39.728,39.369,39.010,38.987,38.964,38.859,38.754,38.533,38.311,38.428,38.545,38.708,38.871,38.684,38.498,38.498,38.498,38.533,38.568,38.171,37.773,37.878,37.984,37.902,37.820,38.042,38.264,38.580,38.894,39.242,39.589,39.797,40.004,39.970,39.935,39.751,39.566,39.138,38.708,38.894,39.080,39.277,39.474,40.188,40.899,41.355,41.810,41.480,41.150,40.773,40.395,40.349,40.303,40.131,39.958,39.981,40.004,39.797,39.589,39.254,38.917,38.894,38.871,38.754,38.638,38.101,37.561,37.396,37.231,37.054,36.877,37.149,37.420,37.385,37.349,37.514,37.679,37.667,37.655,37.632,37.608,37.749,37.890,38.112,38.335,38.148,37.960,37.902,37.843,37.995,38.148,38.183,38.218,38.148,38.077,37.902,37.726,38.031,38.335,37.995,37.655,36.995,36.332,36.853,37.373,37.220,37.066,36.936,36.806,37.172,37.538,37.878,38.218,38.416,38.615,38.673,38.731,38.510,38.288,38.603,38.917,38.824,38.731,38.696,38.661,38.416,38.171,38.288,38.405,38.568,38.731,39.138,39.543,39.970,40.395,40.533,40.670,40.945,41.218,41.047,40.876,40.131,39.381,39.843,40.303,41.162,42.013,41.435,40.853,40.510,40.165,39.866,39.566,39.381,39.196,40.441,41.673,42.341,43.005,43.230,43.454,43.039,42.623,41.628,40.624,40.716,40.808,41.480,42.149,43.207,44.256,44.556,44.854,45.009,45.164,46.010,46.850,46.981,47.111,45.681,44.234,44.367,44.500,45.988,47.458,47.133,46.807,46.010
,38.031,37.825,37.620,37.538,37.455,37.455,37.455,37.508,37.561,37.714,37.866,38.124,38.381,38.556,38.731,38.615,38.498,38.352,38.206,37.890,37.573,37.137,36.699,36.794,36.889,37.755,38.615,38.760,38.905,38.136,37.361,36.516,35.664,34.986,34.305,33.807,33.308,33.534,33.759,34.492,35.221,35.455,35.688,35.383,35.077,35.293,35.508,35.801,36.094,36.373,36.652,37.538,38.416,38.335,38.253,38.655,39.056,39.317,39.578,39.115,38.650,39.115,39.578,39.791,40.004,40.739,41.469,41.804,42.138,41.367,40.590,40.165,39.739,39.589,39.439,39.751,40.062,40.561,41.059,40.693,40.326,40.349,40.372,40.888,41.401,42.115,42.826,43.084,43.342,43.095,42.848,42.989,43.129,43.235,43.342,42.460,41.571,41.116,40.659,40.154,39.647,39.710,39.774,40.056,40.338,39.964,39.589,39.918,40.246,40.665,41.082,40.745,40.407,40.165,39.924,39.543,39.161,39.178,39.196,39.085,38.975,38.836,38.696,38.644,38.591,38.684,38.778,38.684,38.591,38.626,38.661,38.725,38.789,38.352,37.913,37.919,37.925,37.943,37.960,38.101,38.241,38.568,38.894,39.126,39.358,39.705,40.050,40.096,40.142,40.016,39.889,39.503,39.115,39.115,39.115,39.219,39.323,39.866,40.407,40.745,41.082,41.036,40.990,40.705,40.418,40.407,40.395,40.303,40.211,40.211,40.211,39.924,39.635,39.254,38.871,39.115,39.358,39.462,39.566,39.056,38.545,38.288,38.031,37.690,37.349,37.455,37.561,37.396,37.231,37.438,37.643,37.702,37.761,37.767,37.773,37.837,37.902,38.171,38.440,38.247,38.054,38.001,37.949,38.066,38.183,38.335,38.486,38.381,38.276,37.949,37.620,37.620,37.620,37.443,37.267,36.812,36.355,36.972,37.585,37.402,37.220,37.184,37.149,37.355,37.561,37.808,38.054,38.358,38.661,38.620,38.580,38.416,38.253,38.597,38.940,38.655,38.370,38.405,38.440,38.329,38.218,38.317,38.416,38.568,38.719,39.103,39.485,39.872,40.257,40.286,40.315,40.384,40.453,40.401,40.349,39.993,39.635,40.240,40.842,41.713,42.578,41.736,40.888,40.584,40.280,40.292,40.303,39.918,39.531,40.441,41.344,42.217,43.084,43.972,44.854,44.506,44.156,43.140,42.115,42.127,42.138,42.415,42.691,43.482,44.267,45.009,45.747,45.856,45.966,46.054,46.141,45.933,45.725,44.827,43.922,44.084,44.245,45.450,46.643,46.502,46.360,45.406
,37.960,37.773,37.585,37.502,37.420,37.432,37.443,37.479,37.514,37.714,37.913,38.101,38.288,38.510,38.731,38.661,38.591,38.335,38.077,37.502,36.924,36.355,35.784,35.903,36.022,36.676,37.326,37.302,37.279,36.806,36.332,35.437,34.534,33.844,33.149,32.745,32.339,32.757,33.174,33.637,34.099,34.305,34.510,34.293,34.075,34.486,34.896,35.269,35.640,35.986,36.332,36.711,37.090,37.196,37.302,37.831,38.358,38.451,38.545,38.276,38.007,38.626,39.242,39.624,40.004,40.349,40.693,40.739,40.785,40.246,39.705,39.404,39.103,38.998,38.894,39.335,39.774,40.475,41.173,40.430,39.682,39.728,39.774,40.430,41.082,41.651,42.217,42.330,42.443,42.398,42.353,43.005,43.655,43.878,44.100,43.151,42.194,41.617,41.036,40.510,39.981,39.970,39.958,40.487,41.013,40.544,40.073,40.246,40.418,40.716,41.013,40.727,40.441,40.280,40.119,39.716,39.312,39.369,39.427,39.312,39.196,39.138,39.080,38.859,38.638,38.661,38.684,38.684,38.684,38.754,38.824,38.917,39.010,38.533,38.054,37.960,37.866,37.984,38.101,38.159,38.218,38.556,38.894,39.010,39.126,39.612,40.096,40.223,40.349,40.280,40.211,39.866,39.520,39.335,39.149,39.161,39.172,39.543,39.912,40.131,40.349,40.590,40.830,40.636,40.441,40.464,40.487,40.475,40.464,40.441,40.418,40.050,39.682,39.254,38.824,39.335,39.843,40.165,40.487,40.004,39.520,39.172,38.824,38.323,37.820,37.761,37.702,37.408,37.113,37.361,37.608,37.737,37.866,37.902,37.937,37.925,37.913,38.229,38.545,38.346,38.148,38.101,38.054,38.136,38.218,38.486,38.754,38.615,38.475,37.995,37.514,37.208,36.901,36.889,36.877,36.628,36.379,37.090,37.796,37.585,37.373,37.432,37.491,37.538,37.585,37.737,37.890,38.300,38.708,38.568,38.428,38.323,38.218,38.591,38.964,38.486,38.007,38.112,38.218,38.241,38.264,38.346,38.428,38.568,38.708,39.068,39.427,39.774,40.119,40.039,39.958,39.820,39.682,39.751,39.820,39.855,39.889,40.636,41.378,42.262,43.140,42.036,40.922,40.659,40.395,40.716,41.036,40.453,39.866,40.441,41.013,42.093,43.162,44.711,46.239,45.955,45.670,44.633,43.588,43.521,43.454,43.342,43.230,43.755,44.278,45.461,46.632,46.698,46.763,46.097,45.428,44.877,44.323,43.967,43.610,43.800,43.989,44.910,45.823,45.867,45.911,44.799
,37.820,37.649,37.479,37.449,37.420,37.443,37.467,37.449,37.432,37.585,37.737,37.919,38.101,38.241,38.381,38.288,38.194,37.814,37.432,36.836,36.236,35.825,35.413,35.503,35.592,35.849,36.106,36.010,35.915,35.353,34.788,34.117,33.442,33.057,32.671,32.407,32.142,32.597,33.051,33.094,33.137,33.204,33.271,33.479,33.686,34.414,35.137,35.395,35.652,36.058,36.462,36.605,36.747,36.682,36.617,36.901,37.184,37.196,37.208,37.214,37.220,37.843,38.463,38.871,39.277,39.468,39.658,40.073,40.487,40.470,40.453,40.039,39.624,39.346,39.068,39.474,39.878,40.401,40.922,40.240,39.555,39.543,39.531,40.183,40.830,41.122,41.412,41.509,41.605,41.668,41.730,42.848,43.956,44.100,44.245,43.022,41.787,41.139,40.487,40.125,39.762,39.739,39.716,40.303,40.888,40.842,40.796,40.596,40.395,40.424,40.453,40.263,40.073,40.131,40.188,39.849,39.508,39.508,39.508,39.329,39.149,39.207,39.265,39.051,38.836,38.830,38.824,38.748,38.673,38.737,38.801,38.876,38.952,38.673,38.393,38.335,38.276,38.264,38.253,38.323,38.393,38.650,38.905,39.085,39.265,39.658,40.050,40.160,40.269,40.389,40.510,40.263,40.016,39.930,39.843,39.964,40.085,40.183,40.280,40.424,40.567,40.905,41.241,41.065,40.888,40.739,40.590,40.464,40.338,40.338,40.338,40.119,39.901,39.612,39.323,39.745,40.165,40.561,40.956,40.561,40.165,39.728,39.288,38.842,38.393,38.165,37.937,37.602,37.267,37.373,37.479,37.667,37.855,37.949,38.042,37.995,37.949,38.171,38.393,38.153,37.913,37.960,38.007,38.136,38.264,38.539,38.812,38.626,38.440,37.896,37.349,36.948,36.545,36.628,36.711,36.539,36.367,36.924,37.479,37.561,37.643,37.632,37.620,37.643,37.667,37.702,37.737,38.089,38.440,38.335,38.229,38.276,38.323,38.679,39.033,38.475,37.913,38.036,38.159,38.235,38.311,38.375,38.440,38.480,38.521,38.789,39.056,39.358,39.658,39.682,39.705,39.641,39.578,39.751,39.924,39.958,39.993,40.768,41.537,42.290,43.039,42.081,41.116,40.830,40.544,40.808,41.070,40.830,40.590,40.813,41.036,41.526,42.013,43.398,44.766,44.993,45.219,45.235,45.252,45.120,44.987,44.178,43.364,43.727,44.089,45.356,46.611,47.051,47.490,46.360,45.219,44.506,43.789,43.476,43.162,43.392,43.621,44.411,45.197,45.026,44.854,44.062
,37.679,37.526,37.373,37.396,37.420,37.455,37.491,37.420,37.349,37.455,37.561,37.737,37.913,37.972,38.031,37.913,37.796,37.290,36.782,36.165,35.544,35.293,35.041,35.101,35.161,35.017,34.872,34.703,34.534,33.880,33.222,32.782,32.339,32.265,32.191,32.068,31.944,32.438,32.929,32.548,32.166,32.092,32.018,32.659,33.296,34.341,35.377,35.520,35.664,36.129,36.593,36.498,36.403,36.165,35.927,35.963,35.998,35.927,35.855,36.141,36.427,37.054,37.679,38.112,38.545,38.580,38.615,39.404,40.188,40.693,41.196,40.670,40.142,39.693,39.242,39.612,39.981,40.326,40.670,40.050,39.427,39.358,39.288,39.935,40.579,40.590,40.602,40.682,40.762,40.933,41.104,42.691,44.256,44.323,44.389,42.893,41.378,40.659,39.935,39.739,39.543,39.508,39.474,40.119,40.762,41.139,41.514,40.945,40.372,40.131,39.889,39.797,39.705,39.981,40.257,39.981,39.705,39.647,39.589,39.346,39.103,39.277,39.450,39.242,39.033,38.998,38.964,38.812,38.661,38.719,38.778,38.836,38.894,38.812,38.731,38.708,38.684,38.545,38.405,38.486,38.568,38.743,38.917,39.161,39.404,39.705,40.004,40.096,40.188,40.498,40.808,40.659,40.510,40.521,40.533,40.762,40.990,40.819,40.647,40.716,40.785,41.218,41.651,41.492,41.332,41.013,40.693,40.453,40.211,40.234,40.257,40.188,40.119,39.970,39.820,40.154,40.487,40.956,41.423,41.116,40.808,40.280,39.751,39.358,38.964,38.568,38.171,37.796,37.420,37.385,37.349,37.596,37.843,37.995,38.148,38.066,37.984,38.112,38.241,37.960,37.679,37.820,37.960,38.136,38.311,38.591,38.871,38.638,38.405,37.796,37.184,36.688,36.189,36.367,36.545,36.450,36.355,36.759,37.161,37.538,37.913,37.831,37.749,37.749,37.749,37.667,37.585,37.878,38.171,38.101,38.031,38.229,38.428,38.766,39.103,38.463,37.820,37.960,38.101,38.229,38.358,38.405,38.451,38.393,38.335,38.510,38.684,38.940,39.196,39.323,39.450,39.462,39.474,39.751,40.027,40.062,40.096,40.899,41.696,42.319,42.938,42.127,41.310,41.002,40.693,40.899,41.104,41.207,41.310,41.184,41.059,40.956,40.853,42.070,43.274,44.023,44.766,45.834,46.894,46.698,46.502,45.009,43.498,43.699,43.900,45.252,46.589,47.404,48.213,46.621,45.009,44.134,43.252,42.983,42.713,42.983,43.252,43.911,44.567,44.178,43.789,43.319
,37.655,37.538,37.420,37.390,37.361,37.426,37.491,37.502,37.514,37.555,37.596,37.643,37.690,37.602,37.514,37.390,37.267,36.847,36.427,35.825,35.221,35.041,34.860,34.836,34.812,34.444,34.075,33.789,33.503,32.892,32.277,32.080,31.882,31.758,31.635,31.981,32.327,32.665,33.002,32.567,32.129,32.031,31.932,32.818,33.698,34.812,35.915,36.165,36.415,36.664,36.913,36.617,36.320,36.016,35.712,35.754,35.795,35.790,35.784,35.957,36.129,36.741,37.349,37.661,37.972,38.095,38.218,38.795,39.369,39.947,40.521,40.298,40.073,39.872,39.670,39.930,40.188,40.309,40.430,39.866,39.300,39.242,39.184,39.630,40.073,40.211,40.349,40.590,40.830,40.819,40.808,41.855,42.893,43.599,44.300,43.224,42.138,41.310,40.475,40.183,39.889,39.676,39.462,40.234,41.002,41.776,42.544,41.719,40.888,40.716,40.544,40.407,40.269,40.188,40.108,40.137,40.165,40.079,39.993,39.641,39.288,39.450,39.612,39.323,39.033,38.964,38.894,38.847,38.801,38.911,39.022,39.242,39.462,39.531,39.601,39.410,39.219,38.952,38.684,38.725,38.766,38.876,38.987,39.335,39.682,40.085,40.487,40.303,40.119,40.435,40.750,40.687,40.624,41.110,41.594,41.940,42.285,41.968,41.651,41.338,41.025,41.543,42.059,41.895,41.730,41.304,40.876,40.607,40.338,40.464,40.590,40.710,40.830,40.561,40.292,40.487,40.682,41.201,41.719,41.344,40.968,40.447,39.924,39.491,39.056,38.795,38.533,38.165,37.796,37.685,37.573,37.602,37.632,37.773,37.913,37.943,37.972,38.107,38.241,37.984,37.726,37.890,38.054,38.206,38.358,38.679,38.998,38.812,38.626,37.960,37.290,36.871,36.450,36.480,36.510,36.516,36.522,36.776,37.031,37.390,37.749,37.632,37.514,37.432,37.349,37.390,37.432,37.778,38.124,38.107,38.089,38.329,38.568,38.714,38.859,38.229,37.596,37.731,37.866,38.177,38.486,38.469,38.451,38.428,38.405,38.469,38.533,38.708,38.882,38.981,39.080,39.323,39.566,39.976,40.384,40.642,40.899,41.543,42.183,42.432,42.679,42.064,41.446,40.990,40.533,40.785,41.036,41.583,42.127,41.912,41.696,41.310,40.922,41.980,43.028,44.028,45.020,46.283,47.533,47.577,47.620,45.900,44.156,44.073,43.989,45.059,46.119,46.981,47.836,46.485,45.120,44.195,43.263,43.196,43.129,43.224,43.319,43.509,43.699,43.364,43.028,42.910
,37.632,37.549,37.467,37.385,37.302,37.396,37.491,37.585,37.679,37.655,37.632,37.549,37.467,37.231,36.995,36.865,36.735,36.403,36.070,35.485,34.896,34.788,34.679,34.571,34.462,33.868,33.271,32.867,32.462,31.895,31.324,31.374,31.424,31.250,31.075,31.895,32.708,32.892,33.076,32.585,32.092,31.969,31.845,32.978,34.099,35.281,36.450,36.806,37.161,37.196,37.231,36.735,36.236,35.867,35.497,35.544,35.592,35.652,35.712,35.772,35.831,36.427,37.019,37.208,37.396,37.608,37.820,38.183,38.545,39.196,39.843,39.924,40.004,40.050,40.096,40.246,40.395,40.292,40.188,39.682,39.172,39.126,39.080,39.323,39.566,39.832,40.096,40.498,40.899,40.705,40.510,41.013,41.514,42.871,44.212,43.554,42.893,41.957,41.013,40.624,40.234,39.843,39.450,40.349,41.241,42.409,43.565,42.488,41.401,41.298,41.196,41.013,40.830,40.395,39.958,40.292,40.624,40.510,40.395,39.935,39.474,39.624,39.774,39.404,39.033,38.929,38.824,38.882,38.940,39.103,39.265,39.647,40.027,40.246,40.464,40.108,39.751,39.358,38.964,38.964,38.964,39.010,39.056,39.508,39.958,40.464,40.968,40.510,40.050,40.372,40.693,40.716,40.739,41.696,42.646,43.106,43.565,43.106,42.646,41.957,41.264,41.866,42.465,42.296,42.127,41.594,41.059,40.762,40.464,40.693,40.922,41.230,41.537,41.150,40.762,40.819,40.876,41.446,42.013,41.571,41.127,40.613,40.096,39.624,39.149,39.022,38.894,38.533,38.171,37.984,37.796,37.608,37.420,37.549,37.679,37.820,37.960,38.101,38.241,38.007,37.773,37.960,38.148,38.276,38.405,38.766,39.126,38.987,38.847,38.124,37.396,37.054,36.711,36.593,36.474,36.581,36.688,36.794,36.901,37.243,37.585,37.432,37.279,37.113,36.948,37.113,37.279,37.679,38.077,38.112,38.148,38.428,38.708,38.661,38.615,37.995,37.373,37.502,37.632,38.124,38.615,38.533,38.451,38.463,38.475,38.428,38.381,38.475,38.568,38.638,38.708,39.184,39.658,40.200,40.739,41.218,41.696,42.183,42.668,42.544,42.420,42.002,41.583,40.979,40.372,40.670,40.968,41.957,42.938,42.634,42.330,41.662,40.990,41.889,42.781,44.034,45.274,46.730,48.170,48.449,48.728,46.785,44.810,44.445,44.078,44.866,45.648,46.556,47.458,46.349,45.230,44.256,43.274,43.409,43.543,43.465,43.386,43.106,42.826,42.544,42.262,42.499
,37.549,37.455,37.361,37.361,37.361,37.426,37.491,37.602,37.714,37.702,37.690,37.449,37.208,36.983,36.759,36.599,36.439,36.046,35.652,35.101,34.547,34.444,34.341,34.244,34.147,33.485,32.818,32.407,31.994,31.424,30.851,30.857,30.863,30.938,31.013,31.944,32.867,33.186,33.503,33.131,32.757,32.561,32.364,33.357,34.341,35.329,36.308,36.824,37.337,37.102,36.865,36.522,36.177,36.004,35.831,35.980,36.129,36.123,36.117,35.957,35.795,36.474,37.149,37.296,37.443,37.538,37.632,37.878,38.124,38.486,38.847,39.259,39.670,40.344,41.013,40.888,40.762,40.435,40.108,39.762,39.416,39.485,39.555,39.658,39.762,39.906,40.050,40.263,40.475,40.338,40.200,40.739,41.275,41.940,42.601,42.443,42.285,41.577,40.865,40.682,40.498,40.165,39.832,40.619,41.401,42.539,43.666,42.572,41.469,41.560,41.651,41.963,42.274,41.628,40.979,41.218,41.458,41.736,42.013,41.110,40.200,39.964,39.728,39.300,38.871,38.998,39.126,39.144,39.161,39.566,39.970,40.315,40.659,40.848,41.036,40.493,39.947,39.635,39.323,39.230,39.138,39.283,39.427,39.843,40.257,40.504,40.750,40.275,39.797,40.206,40.613,40.785,40.956,41.906,42.848,43.224,43.599,43.174,42.747,42.138,41.526,41.985,42.443,42.347,42.251,41.991,41.730,41.588,41.446,41.724,42.002,42.617,43.230,42.550,41.866,41.849,41.832,42.336,42.837,42.319,41.798,41.122,40.441,39.941,39.439,39.393,39.346,39.045,38.743,38.480,38.218,37.790,37.361,37.438,37.514,37.767,38.019,38.159,38.300,37.937,37.573,37.632,37.690,38.007,38.323,38.743,39.161,39.091,39.022,38.206,37.385,37.054,36.723,36.717,36.711,36.747,36.782,36.889,36.995,37.267,37.538,37.461,37.385,37.237,37.090,37.196,37.302,37.638,37.972,38.013,38.054,38.364,38.673,38.492,38.311,37.820,37.326,37.573,37.820,38.241,38.661,38.410,38.159,38.381,38.603,38.778,38.952,38.801,38.650,38.696,38.743,39.144,39.543,40.068,40.590,41.013,41.435,41.815,42.194,42.093,41.991,41.736,41.480,40.973,40.464,40.705,40.945,41.900,42.848,42.831,42.814,42.584,42.353,42.848,43.342,44.073,44.799,45.719,46.632,46.719,46.807,45.615,44.411,44.000,43.588,44.078,44.567,45.653,46.730,46.004,45.274,44.239,43.196,43.465,43.733,43.537,43.342,42.887,42.432,42.166,41.900,42.144
,37.467,37.361,37.255,37.337,37.420,37.455,37.491,37.620,37.749,37.749,37.749,37.349,36.948,36.735,36.522,36.332,36.141,35.688,35.233,34.715,34.196,34.099,34.002,33.917,33.832,33.100,32.364,31.944,31.523,30.950,30.375,30.337,30.300,30.626,30.950,31.994,33.027,33.479,33.929,33.674,33.418,33.149,32.880,33.735,34.583,35.377,36.165,36.842,37.514,37.007,36.498,36.308,36.117,36.141,36.165,36.415,36.664,36.593,36.522,36.141,35.760,36.522,37.279,37.385,37.491,37.467,37.443,37.573,37.702,37.773,37.843,38.591,39.335,40.636,41.923,41.526,41.127,40.579,40.027,39.843,39.658,39.843,40.027,39.993,39.958,39.981,40.004,40.027,40.050,39.970,39.889,40.464,41.036,41.002,40.968,41.321,41.673,41.196,40.716,40.739,40.762,40.487,40.211,40.888,41.560,42.668,43.766,42.657,41.537,41.821,42.104,42.904,43.699,42.848,41.991,42.138,42.285,42.949,43.610,42.274,40.922,40.303,39.682,39.196,38.708,39.068,39.427,39.404,39.381,40.027,40.670,40.979,41.287,41.446,41.605,40.876,40.142,39.912,39.682,39.497,39.312,39.555,39.797,40.177,40.556,40.544,40.533,40.039,39.543,40.039,40.533,40.853,41.173,42.115,43.050,43.342,43.632,43.241,42.848,42.319,41.787,42.104,42.420,42.398,42.375,42.386,42.398,42.409,42.420,42.747,43.073,43.989,44.899,43.933,42.960,42.871,42.781,43.218,43.655,43.061,42.465,41.628,40.785,40.257,39.728,39.762,39.797,39.555,39.312,38.975,38.638,37.972,37.302,37.326,37.349,37.714,38.077,38.218,38.358,37.866,37.373,37.302,37.231,37.737,38.241,38.719,39.196,39.196,39.196,38.288,37.373,37.054,36.735,36.842,36.948,36.913,36.877,36.983,37.090,37.290,37.491,37.491,37.491,37.361,37.231,37.279,37.326,37.596,37.866,37.913,37.960,38.300,38.638,38.323,38.007,37.643,37.279,37.643,38.007,38.358,38.708,38.288,37.866,38.300,38.731,39.126,39.520,39.126,38.731,38.754,38.778,39.103,39.427,39.935,40.441,40.808,41.173,41.446,41.719,41.639,41.560,41.469,41.378,40.968,40.556,40.739,40.922,41.844,42.758,43.028,43.297,43.498,43.699,43.800,43.900,44.112,44.323,44.700,45.075,44.965,44.854,44.434,44.011,43.554,43.095,43.286,43.476,44.744,45.999,45.659,45.318,44.223,43.118,43.521,43.922,43.610,43.297,42.668,42.036,41.787,41.537,41.787
,37.408,37.220,37.031,37.131,37.231,37.349,37.467,37.508,37.549,37.426,37.302,36.942,36.581,36.622,36.664,36.492,36.320,35.658,34.992,34.528,34.062,33.953,33.844,33.850,33.856,33.143,32.425,31.876,31.324,30.732,30.136,30.099,30.061,30.425,30.788,31.659,32.524,32.874,33.222,33.247,33.271,33.008,32.745,33.320,33.893,34.595,35.293,35.843,36.391,36.171,35.951,35.945,35.939,36.147,36.355,36.492,36.628,36.474,36.320,35.945,35.568,36.248,36.924,37.113,37.302,37.373,37.443,37.591,37.737,37.796,37.855,38.329,38.801,39.734,40.659,40.326,39.993,39.803,39.612,39.883,40.154,40.349,40.544,40.384,40.223,40.298,40.372,40.447,40.521,40.367,40.211,40.756,41.298,41.395,41.492,41.361,41.230,41.025,40.819,41.042,41.264,41.150,41.036,40.945,40.853,41.702,42.544,42.138,41.730,41.526,41.321,42.245,43.162,42.786,42.409,43.291,44.167,44.117,44.067,42.471,40.853,40.430,40.004,39.549,39.091,39.248,39.404,39.543,39.682,40.584,41.480,41.509,41.537,41.656,41.776,41.162,40.544,40.349,40.154,40.039,39.924,40.056,40.188,40.338,40.487,40.234,39.981,39.745,39.508,40.125,40.739,40.893,41.047,41.821,42.589,42.820,43.050,42.691,42.330,42.036,41.742,41.940,42.138,42.296,42.454,42.561,42.668,42.887,43.106,43.543,43.978,44.661,45.340,44.306,43.263,42.977,42.691,42.578,42.465,42.200,41.934,41.622,41.310,40.922,40.533,40.527,40.521,40.114,39.705,39.312,38.917,38.340,37.761,37.608,37.455,37.714,37.972,38.112,38.253,37.673,37.090,37.084,37.078,37.543,38.007,38.556,39.103,38.952,38.801,38.224,37.643,37.284,36.924,36.918,36.913,36.936,36.960,37.060,37.161,37.361,37.561,37.438,37.314,37.231,37.149,37.214,37.279,37.514,37.749,37.796,37.843,38.171,38.498,38.253,38.007,37.673,37.337,37.696,38.054,38.405,38.754,38.399,38.042,38.317,38.591,38.748,38.905,38.650,38.393,38.469,38.545,38.842,39.138,39.497,39.855,40.096,40.338,40.556,40.773,41.047,41.321,41.378,41.435,41.036,40.636,40.853,41.070,41.866,42.657,42.871,43.084,43.347,43.610,43.599,43.588,43.638,43.688,43.794,43.900,43.722,43.543,43.162,42.781,42.606,42.432,42.679,42.927,44.273,45.604,45.329,45.053,43.911,42.758,42.859,42.960,42.753,42.544,42.098,41.651,41.588,41.526,41.815
,37.349,37.078,36.806,36.924,37.043,37.243,37.443,37.396,37.349,37.102,36.853,36.534,36.213,36.510,36.806,36.652,36.498,35.628,34.752,34.341,33.929,33.807,33.686,33.783,33.880,33.186,32.487,31.808,31.125,30.513,29.897,29.859,29.822,30.224,30.626,31.324,32.018,32.265,32.511,32.818,33.125,32.867,32.610,32.904,33.198,33.807,34.414,34.836,35.257,35.329,35.401,35.580,35.760,36.153,36.545,36.569,36.593,36.355,36.117,35.748,35.377,35.974,36.569,36.842,37.113,37.279,37.443,37.608,37.773,37.820,37.866,38.066,38.264,38.824,39.381,39.115,38.847,39.022,39.196,39.924,40.647,40.853,41.059,40.773,40.487,40.613,40.739,40.865,40.990,40.762,40.533,41.047,41.560,41.787,42.013,41.401,40.785,40.853,40.922,41.344,41.764,41.810,41.855,41.002,40.142,40.727,41.310,41.617,41.923,41.230,40.533,41.583,42.623,42.724,42.826,44.434,46.021,45.274,44.522,42.668,40.785,40.556,40.326,39.901,39.474,39.427,39.381,39.682,39.981,41.139,42.285,42.036,41.787,41.866,41.946,41.446,40.945,40.785,40.624,40.579,40.533,40.556,40.579,40.498,40.418,39.924,39.427,39.450,39.474,40.211,40.945,40.933,40.922,41.526,42.127,42.296,42.465,42.138,41.810,41.753,41.696,41.776,41.855,42.194,42.533,42.736,42.938,43.364,43.789,44.334,44.877,45.329,45.780,44.677,43.565,43.084,42.601,41.934,41.264,41.332,41.401,41.617,41.832,41.583,41.332,41.287,41.241,40.670,40.096,39.647,39.196,38.708,38.218,37.890,37.561,37.714,37.866,38.007,38.148,37.479,36.806,36.865,36.924,37.349,37.773,38.393,39.010,38.708,38.405,38.159,37.913,37.514,37.113,36.995,36.877,36.960,37.043,37.137,37.231,37.432,37.632,37.385,37.137,37.102,37.066,37.149,37.231,37.432,37.632,37.679,37.726,38.042,38.358,38.183,38.007,37.702,37.396,37.749,38.101,38.451,38.801,38.510,38.218,38.335,38.451,38.370,38.288,38.171,38.054,38.183,38.311,38.580,38.847,39.056,39.265,39.381,39.497,39.658,39.820,40.453,41.082,41.287,41.492,41.104,40.716,40.968,41.218,41.889,42.556,42.713,42.871,43.196,43.521,43.398,43.274,43.162,43.050,42.882,42.713,42.465,42.217,41.878,41.537,41.651,41.764,42.070,42.375,43.800,45.208,44.998,44.788,43.599,42.398,42.194,41.991,41.889,41.787,41.526,41.264,41.389,41.514,41.844
,37.066,36.824,36.581,36.688,36.794,36.853,36.913,36.930,36.948,36.634,36.320,36.165,36.010,36.117,36.225,35.992,35.760,35.077,34.389,34.050,33.710,33.619,33.528,33.442,33.357,32.647,31.932,31.343,30.751,30.243,29.733,29.689,29.645,29.967,30.287,30.863,31.436,31.765,32.092,32.401,32.708,32.524,32.339,32.696,33.051,33.558,34.062,34.474,34.884,34.974,35.065,35.598,36.129,36.379,36.628,36.634,36.640,36.320,35.998,35.748,35.497,35.879,36.260,36.534,36.806,37.048,37.290,37.579,37.866,38.007,38.148,38.171,38.194,38.457,38.719,38.603,38.486,38.632,38.778,39.589,40.395,40.596,40.796,40.487,40.177,40.384,40.590,40.636,40.682,40.361,40.039,40.670,41.298,41.702,42.104,41.736,41.367,41.293,41.218,41.344,41.469,41.503,41.537,40.693,39.843,40.292,40.739,41.162,41.583,40.996,40.407,40.950,41.492,41.759,42.025,43.465,44.888,44.256,43.621,42.685,41.742,41.475,41.207,40.378,39.543,39.364,39.184,39.705,40.223,41.173,42.115,41.912,41.707,42.200,42.691,42.177,41.662,41.298,40.933,40.722,40.510,40.710,40.910,40.973,41.036,40.659,40.280,40.027,39.774,40.286,40.796,40.830,40.865,41.349,41.832,42.115,42.398,42.211,42.025,42.059,42.093,42.161,42.228,42.409,42.589,42.960,43.330,44.050,44.766,45.362,45.955,46.278,46.600,45.197,43.777,42.994,42.206,41.537,40.865,40.945,41.025,41.281,41.537,41.543,41.548,41.600,41.651,40.642,39.624,39.236,38.847,38.387,37.925,37.767,37.608,37.649,37.690,37.972,38.253,37.714,37.172,37.066,36.960,37.355,37.749,38.340,38.929,38.568,38.206,38.060,37.913,37.638,37.361,37.190,37.019,37.096,37.172,37.343,37.514,37.543,37.573,37.279,36.983,37.013,37.043,37.249,37.455,37.438,37.420,37.602,37.784,37.919,38.054,38.095,38.136,37.685,37.231,37.591,37.949,38.381,38.812,38.620,38.428,38.323,38.218,38.153,38.089,38.001,37.913,37.902,37.890,38.153,38.416,38.580,38.743,38.818,38.894,39.115,39.335,39.935,40.533,40.665,40.796,40.607,40.418,40.579,40.739,41.253,41.764,41.951,42.138,42.432,42.724,42.724,42.724,42.623,42.522,42.240,41.957,41.452,40.945,40.768,40.590,40.727,40.865,41.281,41.696,42.724,43.744,43.889,44.034,43.056,42.070,41.702,41.332,41.287,41.241,41.099,40.956,41.093,41.230,41.832
,36.782,36.569,36.355,36.450,36.545,36.462,36.379,36.462,36.545,36.165,35.784,35.795,35.807,35.724,35.640,35.329,35.017,34.522,34.026,33.759,33.491,33.430,33.369,33.100,32.831,32.105,31.374,30.876,30.375,29.973,29.569,29.519,29.468,29.708,29.948,30.400,30.851,31.262,31.672,31.981,32.290,32.179,32.068,32.487,32.904,33.308,33.710,34.111,34.510,34.619,34.728,35.616,36.498,36.605,36.711,36.699,36.688,36.284,35.879,35.748,35.616,35.784,35.951,36.225,36.498,36.818,37.137,37.549,37.960,38.194,38.428,38.276,38.124,38.089,38.054,38.089,38.124,38.241,38.358,39.254,40.142,40.338,40.533,40.200,39.866,40.154,40.441,40.407,40.372,39.958,39.543,40.292,41.036,41.617,42.194,42.070,41.946,41.730,41.514,41.344,41.173,41.196,41.218,40.384,39.543,39.855,40.165,40.705,41.241,40.762,40.280,40.315,40.349,40.785,41.218,42.488,43.744,43.230,42.713,42.702,42.691,42.386,42.081,40.853,39.612,39.300,38.987,39.728,40.464,41.207,41.946,41.787,41.628,42.533,43.431,42.904,42.375,41.810,41.241,40.865,40.487,40.865,41.241,41.446,41.651,41.389,41.127,40.602,40.073,40.361,40.647,40.727,40.808,41.173,41.537,41.934,42.330,42.285,42.240,42.364,42.488,42.544,42.601,42.623,42.646,43.185,43.722,44.733,45.736,46.382,47.024,47.219,47.414,45.714,43.989,42.904,41.810,41.139,40.464,40.556,40.647,40.945,41.241,41.503,41.764,41.912,42.059,40.613,39.149,38.824,38.498,38.066,37.632,37.643,37.655,37.585,37.514,37.937,38.358,37.949,37.538,37.267,36.995,37.361,37.726,38.288,38.847,38.428,38.007,37.960,37.913,37.761,37.608,37.385,37.161,37.231,37.302,37.549,37.796,37.655,37.514,37.172,36.830,36.924,37.019,37.349,37.679,37.443,37.208,37.526,37.843,37.796,37.749,38.007,38.264,37.667,37.066,37.432,37.796,38.311,38.824,38.731,38.638,38.311,37.984,37.937,37.890,37.831,37.773,37.620,37.467,37.726,37.984,38.101,38.218,38.253,38.288,38.568,38.847,39.416,39.981,40.039,40.096,40.108,40.119,40.188,40.257,40.613,40.968,41.184,41.401,41.662,41.923,42.047,42.172,42.081,41.991,41.594,41.196,40.430,39.658,39.647,39.635,39.797,39.958,40.487,41.013,41.639,42.262,42.769,43.274,42.510,41.742,41.207,40.670,40.682,40.693,40.670,40.647,40.796,40.945,41.821
,36.901,36.628,36.355,36.344,36.332,36.248,36.165,36.112,36.058,35.795,35.532,35.455,35.377,35.203,35.029,34.722,34.414,33.978,33.540,33.290,33.039,32.947,32.855,32.474,32.092,31.399,30.701,30.268,29.834,29.601,29.367,29.379,29.392,29.557,29.721,30.168,30.613,30.919,31.225,31.479,31.734,31.919,32.105,32.640,33.174,33.515,33.856,34.111,34.365,34.541,34.715,35.538,36.355,36.528,36.699,36.800,36.901,36.575,36.248,36.153,36.058,36.153,36.248,36.367,36.486,36.842,37.196,37.632,38.066,38.253,38.440,38.259,38.077,37.931,37.784,37.808,37.831,37.925,38.019,38.632,39.242,39.589,39.935,39.785,39.635,39.687,39.739,39.710,39.682,39.497,39.312,39.855,40.395,41.093,41.787,41.764,41.742,41.338,40.933,40.848,40.762,40.710,40.659,40.125,39.589,39.716,39.843,40.888,41.923,41.355,40.785,40.435,40.085,40.498,40.910,41.617,42.319,42.527,42.736,43.375,44.011,43.286,42.556,41.327,40.085,39.710,39.335,39.906,40.475,41.099,41.719,41.747,41.776,42.663,43.543,43.224,42.904,42.251,41.594,41.412,41.230,41.747,42.262,42.764,43.263,42.854,42.443,41.878,41.310,41.787,42.262,42.285,42.307,43.067,43.822,44.139,44.456,43.850,43.241,43.392,43.543,43.710,43.878,43.666,43.454,43.560,43.666,45.015,46.349,47.458,48.557,48.675,48.793,47.084,45.351,43.984,42.601,41.787,40.968,41.367,41.764,41.900,42.036,41.571,41.104,41.321,41.537,40.315,39.080,38.737,38.393,37.949,37.502,37.585,37.667,37.655,37.643,38.089,38.533,38.253,37.972,37.702,37.432,37.737,38.042,38.469,38.894,38.492,38.089,38.007,37.925,37.690,37.455,37.467,37.479,37.479,37.479,37.632,37.784,37.632,37.479,37.226,36.972,37.108,37.243,37.390,37.538,37.414,37.290,37.685,38.077,38.007,37.937,37.931,37.925,37.508,37.090,37.655,38.218,38.387,38.556,38.568,38.580,38.235,37.890,37.902,37.913,37.931,37.949,37.767,37.585,37.808,38.031,38.206,38.381,38.393,38.405,38.533,38.661,39.027,39.393,39.514,39.635,39.624,39.612,39.757,39.901,40.206,40.510,40.676,40.842,41.082,41.321,41.281,41.241,41.247,41.253,40.990,40.727,40.188,39.647,39.682,39.716,39.774,39.832,40.309,40.785,41.275,41.764,42.002,42.240,41.878,41.514,41.047,40.579,40.550,40.521,40.544,40.567,40.710,40.853,41.810
,37.019,36.688,36.355,36.236,36.117,36.034,35.951,35.760,35.568,35.425,35.281,35.113,34.944,34.679,34.414,34.111,33.807,33.430,33.051,32.818,32.585,32.462,32.339,31.845,31.349,30.688,30.023,29.658,29.291,29.227,29.164,29.240,29.316,29.405,29.493,29.935,30.375,30.576,30.776,30.975,31.175,31.659,32.142,32.794,33.442,33.722,34.002,34.111,34.220,34.462,34.703,35.461,36.213,36.450,36.688,36.901,37.113,36.865,36.617,36.557,36.498,36.522,36.545,36.510,36.474,36.865,37.255,37.714,38.171,38.311,38.451,38.241,38.031,37.773,37.514,37.526,37.538,37.608,37.679,38.007,38.335,38.836,39.335,39.369,39.404,39.219,39.033,39.010,38.987,39.033,39.080,39.416,39.751,40.567,41.378,41.458,41.537,40.945,40.349,40.349,40.349,40.223,40.096,39.866,39.635,39.578,39.520,41.070,42.601,41.946,41.287,40.556,39.820,40.211,40.602,40.739,40.876,41.821,42.758,44.045,45.318,44.178,43.028,41.798,40.556,40.119,39.682,40.085,40.487,40.990,41.492,41.707,41.923,42.792,43.655,43.543,43.431,42.691,41.946,41.957,41.968,42.623,43.274,44.067,44.854,44.300,43.744,43.140,42.533,43.196,43.855,43.822,43.789,44.932,46.064,46.305,46.545,45.395,44.234,44.411,44.589,44.866,45.142,44.700,44.256,43.933,43.610,45.296,46.959,48.525,50.071,50.113,50.156,48.439,46.698,45.053,43.386,42.432,41.469,42.172,42.871,42.848,42.826,41.639,40.441,40.727,41.013,40.016,39.010,38.650,38.288,37.831,37.373,37.526,37.679,37.726,37.773,38.241,38.708,38.556,38.405,38.136,37.866,38.112,38.358,38.650,38.940,38.556,38.171,38.054,37.937,37.620,37.302,37.549,37.796,37.726,37.655,37.714,37.773,37.608,37.443,37.279,37.113,37.290,37.467,37.432,37.396,37.385,37.373,37.843,38.311,38.218,38.124,37.855,37.585,37.349,37.113,37.878,38.638,38.463,38.288,38.405,38.521,38.159,37.796,37.866,37.937,38.031,38.124,37.913,37.702,37.890,38.077,38.311,38.545,38.533,38.521,38.498,38.475,38.638,38.801,38.987,39.172,39.138,39.103,39.323,39.543,39.797,40.050,40.165,40.280,40.498,40.716,40.510,40.303,40.407,40.510,40.384,40.257,39.947,39.635,39.716,39.797,39.751,39.705,40.131,40.556,40.910,41.264,41.230,41.196,41.241,41.287,40.888,40.487,40.418,40.349,40.418,40.487,40.624,40.762,41.798
,37.102,36.771,36.439,36.296,36.153,35.986,35.819,35.598,35.377,35.239,35.101,34.878,34.655,34.244,33.832,33.613,33.393,33.033,32.671,32.444,32.216,31.969,31.721,31.293,30.863,30.362,29.859,29.531,29.202,29.151,29.101,29.221,29.341,29.481,29.620,29.878,30.136,30.362,30.588,30.857,31.125,31.845,32.561,33.070,33.576,33.576,33.576,33.880,34.184,34.685,35.185,35.730,36.272,36.391,36.510,36.575,36.640,36.676,36.711,36.682,36.652,36.581,36.510,36.409,36.308,36.528,36.747,37.172,37.596,37.708,37.820,37.726,37.632,37.579,37.526,37.479,37.432,37.390,37.349,37.696,38.042,38.399,38.754,39.016,39.277,39.213,39.149,38.865,38.580,38.847,39.115,39.433,39.751,40.045,40.338,40.240,40.142,40.022,39.901,40.298,40.693,40.636,40.579,40.309,40.039,39.826,39.612,40.762,41.900,41.605,41.310,40.533,39.751,40.085,40.418,40.813,41.207,42.211,43.207,44.506,45.791,44.738,43.677,42.595,41.503,40.859,40.211,40.602,40.990,41.787,42.578,42.663,42.747,42.854,42.960,42.826,42.691,42.194,41.696,42.302,42.904,43.571,44.234,44.937,45.637,45.571,45.505,44.677,43.844,44.461,45.075,44.998,44.921,46.081,47.230,47.414,47.598,46.698,45.791,45.714,45.637,45.708,45.780,45.208,44.633,44.245,43.855,45.466,47.057,48.121,49.177,48.830,48.482,47.604,46.719,45.521,44.312,43.330,42.341,42.927,43.509,43.722,43.933,42.482,41.013,40.893,40.773,40.050,39.323,38.847,38.370,38.001,37.632,37.949,38.264,38.235,38.206,38.451,38.696,38.545,38.393,38.107,37.820,38.048,38.276,38.626,38.975,38.650,38.323,38.259,38.194,37.720,37.243,37.402,37.561,37.649,37.737,37.831,37.925,37.820,37.714,37.514,37.314,37.420,37.526,37.496,37.467,37.479,37.491,38.077,38.661,38.480,38.300,38.054,37.808,37.602,37.396,37.849,38.300,38.335,38.370,38.393,38.416,37.990,37.561,37.761,37.960,38.036,38.112,37.907,37.702,37.861,38.019,38.282,38.545,38.603,38.661,38.684,38.708,38.748,38.789,38.935,39.080,39.109,39.138,39.254,39.369,39.474,39.578,39.774,39.970,40.154,40.338,40.142,39.947,40.010,40.073,40.102,40.131,39.924,39.716,39.693,39.670,39.739,39.809,40.160,40.510,40.647,40.785,40.750,40.716,40.659,40.602,40.475,40.349,40.401,40.453,40.418,40.384,40.687,40.990,42.013
,37.184,36.853,36.522,36.355,36.189,35.939,35.688,35.437,35.185,35.053,34.920,34.643,34.365,33.807,33.247,33.112,32.978,32.634,32.290,32.068,31.845,31.473,31.100,30.738,30.375,30.036,29.696,29.405,29.113,29.075,29.037,29.202,29.367,29.557,29.746,29.822,29.897,30.149,30.400,30.738,31.075,32.031,32.978,33.345,33.710,33.430,33.149,33.649,34.147,34.908,35.664,35.998,36.332,36.332,36.332,36.248,36.165,36.486,36.806,36.806,36.806,36.640,36.474,36.308,36.141,36.189,36.236,36.628,37.019,37.102,37.184,37.208,37.231,37.385,37.538,37.432,37.326,37.172,37.019,37.385,37.749,37.960,38.171,38.661,39.149,39.207,39.265,38.719,38.171,38.661,39.149,39.450,39.751,39.520,39.288,39.010,38.731,39.091,39.450,40.246,41.036,41.047,41.059,40.750,40.441,40.073,39.705,40.453,41.196,41.264,41.332,40.510,39.682,39.958,40.234,40.888,41.537,42.601,43.655,44.965,46.261,45.296,44.323,43.386,42.443,41.594,40.739,41.116,41.492,42.578,43.655,43.610,43.565,42.916,42.262,42.104,41.946,41.696,41.446,42.646,43.833,44.511,45.186,45.801,46.414,46.828,47.241,46.196,45.142,45.714,46.283,46.163,46.043,47.219,48.385,48.514,48.643,47.987,47.328,47.002,46.676,46.545,46.414,45.714,45.009,44.556,44.100,45.637,47.154,47.717,48.278,47.533,46.785,46.763,46.741,45.988,45.230,44.223,43.207,43.677,44.145,44.589,45.031,43.319,41.583,41.059,40.533,40.085,39.635,39.045,38.451,38.171,37.890,38.370,38.847,38.743,38.638,38.661,38.684,38.533,38.381,38.077,37.773,37.984,38.194,38.603,39.010,38.743,38.475,38.463,38.451,37.820,37.184,37.255,37.326,37.573,37.820,37.949,38.077,38.031,37.984,37.749,37.514,37.549,37.585,37.561,37.538,37.573,37.608,38.311,39.010,38.743,38.475,38.253,38.031,37.855,37.679,37.820,37.960,38.206,38.451,38.381,38.311,37.820,37.326,37.655,37.984,38.042,38.101,37.902,37.702,37.831,37.960,38.253,38.545,38.673,38.801,38.871,38.940,38.859,38.778,38.882,38.987,39.080,39.172,39.184,39.196,39.149,39.103,39.381,39.658,39.809,39.958,39.774,39.589,39.612,39.635,39.820,40.004,39.901,39.797,39.670,39.543,39.728,39.912,40.188,40.464,40.384,40.303,40.269,40.234,40.073,39.912,40.062,40.211,40.384,40.556,40.418,40.280,40.750,41.218,42.228
,37.373,37.013,36.652,36.433,36.213,35.897,35.580,35.443,35.305,35.185,35.065,34.830,34.595,34.014,33.430,33.204,32.978,32.665,32.351,32.105,31.857,31.274,30.688,30.388,30.086,29.935,29.784,29.481,29.177,29.132,29.088,29.354,29.620,29.784,29.948,30.187,30.425,30.776,31.125,31.473,31.820,32.548,33.271,33.540,33.807,33.332,32.855,33.406,33.953,34.691,35.425,35.873,36.320,36.248,36.177,35.790,35.401,35.891,36.379,36.504,36.628,36.474,36.320,36.159,35.998,36.052,36.106,36.427,36.747,36.889,37.031,37.078,37.125,37.090,37.054,36.995,36.936,36.989,37.043,37.496,37.949,38.095,38.241,38.533,38.824,38.818,38.812,38.387,37.960,38.469,38.975,39.230,39.485,39.323,39.161,38.946,38.731,39.045,39.358,40.292,41.218,41.361,41.503,41.213,40.922,40.418,39.912,40.033,40.154,40.430,40.705,40.131,39.555,39.849,40.142,41.059,41.968,42.589,43.207,43.911,44.611,44.367,44.123,43.549,42.972,42.036,41.093,41.293,41.492,42.386,43.274,43.342,43.409,42.634,41.855,41.946,42.036,41.889,41.742,42.938,44.123,44.511,44.899,45.565,46.229,46.654,47.078,46.311,45.538,46.015,46.491,46.512,46.534,47.733,48.921,48.584,48.245,48.353,48.460,47.863,47.263,46.959,46.654,46.147,45.637,45.367,45.097,46.081,47.057,47.436,47.814,46.948,46.075,46.086,46.097,45.675,45.252,44.262,43.263,43.766,44.267,44.672,45.075,43.844,42.601,42.347,42.093,41.503,40.910,40.217,39.520,39.236,38.952,39.103,39.254,38.993,38.731,38.574,38.416,38.428,38.440,37.954,37.467,37.743,38.019,38.457,38.894,39.004,39.115,38.801,38.486,37.808,37.125,37.273,37.420,37.667,37.913,38.153,38.393,38.247,38.101,37.855,37.608,37.626,37.643,37.591,37.538,37.614,37.690,38.480,39.265,38.998,38.731,38.626,38.521,38.130,37.737,37.790,37.843,38.259,38.673,38.393,38.112,37.802,37.491,37.737,37.984,37.995,38.007,37.943,37.878,37.943,38.007,38.229,38.451,38.533,38.615,38.679,38.743,38.673,38.603,38.748,38.894,39.039,39.184,39.242,39.300,39.242,39.184,39.288,39.393,39.479,39.566,39.485,39.404,39.456,39.508,39.745,39.981,39.855,39.728,39.618,39.508,39.560,39.612,39.837,40.062,40.114,40.165,40.102,40.039,39.912,39.785,39.935,40.085,40.229,40.372,40.378,40.384,40.825,41.264,42.042
,37.561,37.172,36.782,36.510,36.236,35.855,35.473,35.449,35.425,35.317,35.209,35.017,34.824,34.220,33.613,33.296,32.978,32.696,32.413,32.142,31.870,31.075,30.275,30.036,29.796,29.834,29.872,29.557,29.240,29.189,29.139,29.506,29.872,30.011,30.149,30.550,30.950,31.399,31.845,32.203,32.561,33.063,33.564,33.735,33.905,33.235,32.561,33.161,33.759,34.474,35.185,35.748,36.308,36.165,36.022,35.329,34.631,35.293,35.951,36.201,36.450,36.308,36.165,36.010,35.855,35.915,35.974,36.225,36.474,36.676,36.877,36.948,37.019,36.794,36.569,36.557,36.545,36.806,37.066,37.608,38.148,38.229,38.311,38.405,38.498,38.428,38.358,38.054,37.749,38.276,38.801,39.010,39.219,39.126,39.033,38.882,38.731,38.998,39.265,40.338,41.401,41.673,41.946,41.673,41.401,40.762,40.119,39.612,39.103,39.589,40.073,39.751,39.427,39.739,40.050,41.230,42.398,42.578,42.758,42.848,42.938,43.431,43.922,43.710,43.498,42.477,41.446,41.469,41.492,42.194,42.893,43.073,43.252,42.353,41.446,41.787,42.127,42.081,42.036,43.230,44.411,44.511,44.611,45.329,46.043,46.480,46.915,46.425,45.933,46.316,46.698,46.861,47.024,48.245,49.455,48.653,47.847,48.718,49.582,48.718,47.847,47.371,46.894,46.578,46.261,46.174,46.086,46.523,46.959,47.154,47.349,46.360,45.362,45.406,45.450,45.362,45.274,44.300,43.319,43.855,44.389,44.755,45.120,44.367,43.610,43.621,43.632,42.904,42.172,41.378,40.579,40.292,40.004,39.832,39.658,39.242,38.824,38.486,38.148,38.323,38.498,37.831,37.161,37.502,37.843,38.311,38.778,39.265,39.751,39.138,38.521,37.796,37.066,37.290,37.514,37.761,38.007,38.358,38.708,38.463,38.218,37.960,37.702,37.702,37.702,37.620,37.538,37.655,37.773,38.650,39.520,39.254,38.987,38.998,39.010,38.405,37.796,37.761,37.726,38.311,38.894,38.405,37.913,37.784,37.655,37.820,37.984,37.949,37.913,37.984,38.054,38.054,38.054,38.206,38.358,38.393,38.428,38.486,38.545,38.486,38.428,38.615,38.801,38.998,39.196,39.300,39.404,39.335,39.265,39.196,39.126,39.149,39.172,39.196,39.219,39.300,39.381,39.670,39.958,39.809,39.658,39.566,39.474,39.393,39.312,39.485,39.658,39.843,40.027,39.935,39.843,39.751,39.658,39.809,39.958,40.073,40.188,40.338,40.487,40.899,41.310,41.855
,37.561,37.184,36.806,36.492,36.177,35.867,35.556,35.574,35.592,35.371,35.149,34.932,34.715,34.111,33.503,33.229,32.953,32.683,32.413,32.012,31.610,30.894,30.174,29.979,29.784,29.878,29.973,29.778,29.582,29.443,29.303,29.620,29.935,30.136,30.337,30.950,31.560,31.820,32.080,32.425,32.769,33.137,33.503,33.430,33.357,33.125,32.892,33.351,33.807,34.468,35.125,35.335,35.544,35.383,35.221,34.878,34.534,35.065,35.592,35.819,36.046,35.986,35.927,35.837,35.748,35.843,35.939,35.992,36.046,36.189,36.332,36.409,36.486,36.189,35.891,35.933,35.974,36.385,36.794,37.220,37.643,37.649,37.655,37.790,37.925,37.972,38.019,37.919,37.820,38.206,38.591,38.719,38.847,38.905,38.964,38.935,38.905,39.126,39.346,40.068,40.785,40.739,40.693,40.464,40.234,40.039,39.843,39.358,38.871,39.335,39.797,39.508,39.219,39.549,39.878,40.785,41.685,42.053,42.420,42.149,41.878,42.409,42.938,43.168,43.398,42.809,42.217,42.307,42.398,42.465,42.533,42.938,43.342,43.330,43.319,43.716,44.112,43.291,42.465,43.487,44.500,44.683,44.866,44.937,45.009,45.571,46.130,45.845,45.560,45.911,46.261,46.638,47.013,48.186,49.348,48.830,48.310,49.167,50.018,49.241,48.460,47.582,46.698,46.932,47.165,47.154,47.143,47.171,47.198,47.111,47.024,46.245,45.461,45.373,45.285,45.268,45.252,44.217,43.174,43.644,44.112,44.666,45.219,44.550,43.878,44.073,44.267,43.582,42.893,42.533,42.172,42.149,42.127,41.030,39.924,39.346,38.766,38.451,38.136,38.393,38.650,38.048,37.443,37.649,37.855,38.212,38.568,39.161,39.751,39.120,38.486,37.943,37.396,37.532,37.667,37.861,38.054,38.352,38.650,38.463,38.276,38.066,37.855,37.802,37.749,37.685,37.620,37.972,38.323,38.964,39.601,39.306,39.010,38.900,38.789,38.224,37.655,37.749,37.843,38.142,38.440,38.177,37.913,37.749,37.585,37.685,37.784,37.866,37.949,38.089,38.229,38.194,38.159,38.206,38.253,38.282,38.311,38.410,38.510,38.568,38.626,38.719,38.812,38.958,39.103,39.167,39.230,39.306,39.381,39.323,39.265,39.242,39.219,39.265,39.312,39.404,39.497,39.705,39.912,39.722,39.531,39.474,39.416,39.294,39.172,39.317,39.462,39.543,39.624,39.555,39.485,39.531,39.578,39.705,39.832,39.935,40.039,40.085,40.131,40.418,40.705,41.053
,37.561,37.196,36.830,36.474,36.117,35.879,35.640,35.700,35.760,35.425,35.089,34.848,34.607,34.002,33.393,33.161,32.929,32.671,32.413,31.882,31.349,30.713,30.074,29.922,29.771,29.922,30.074,29.998,29.922,29.696,29.468,29.733,29.998,30.262,30.525,31.349,32.166,32.240,32.314,32.647,32.978,33.210,33.442,33.125,32.806,33.014,33.222,33.540,33.856,34.462,35.065,34.920,34.776,34.595,34.414,34.426,34.438,34.836,35.233,35.437,35.640,35.664,35.688,35.664,35.640,35.772,35.903,35.760,35.616,35.700,35.784,35.867,35.951,35.580,35.209,35.305,35.401,35.963,36.522,36.830,37.137,37.066,36.995,37.172,37.349,37.514,37.679,37.784,37.890,38.136,38.381,38.428,38.475,38.684,38.894,38.987,39.080,39.254,39.427,39.797,40.165,39.797,39.427,39.242,39.056,39.312,39.566,39.103,38.638,39.080,39.520,39.265,39.010,39.358,39.705,40.338,40.968,41.526,42.081,41.446,40.808,41.378,41.946,42.623,43.297,43.140,42.983,43.140,43.297,42.736,42.172,42.803,43.431,44.300,45.164,45.615,46.064,44.489,42.893,43.744,44.589,44.854,45.120,44.545,43.967,44.655,45.340,45.263,45.186,45.505,45.823,46.414,47.002,48.127,49.241,49.007,48.771,49.614,50.452,49.763,49.071,47.793,46.502,47.284,48.062,48.127,48.191,47.814,47.436,47.067,46.698,46.130,45.560,45.340,45.120,45.175,45.230,44.134,43.028,43.431,43.833,44.578,45.318,44.733,44.145,44.522,44.899,44.256,43.610,43.677,43.744,43.978,44.212,42.217,40.188,39.450,38.708,38.416,38.124,38.463,38.801,38.264,37.726,37.796,37.866,38.112,38.358,39.056,39.751,39.103,38.451,38.089,37.726,37.773,37.820,37.960,38.101,38.346,38.591,38.463,38.335,38.171,38.007,37.902,37.796,37.749,37.702,38.288,38.871,39.277,39.682,39.358,39.033,38.801,38.568,38.042,37.514,37.737,37.960,37.972,37.984,37.949,37.913,37.714,37.514,37.549,37.585,37.784,37.984,38.194,38.405,38.335,38.264,38.206,38.148,38.171,38.194,38.335,38.475,38.650,38.824,38.824,38.824,38.917,39.010,39.033,39.056,39.277,39.497,39.450,39.404,39.335,39.265,39.335,39.404,39.508,39.612,39.739,39.866,39.635,39.404,39.381,39.358,39.196,39.033,39.149,39.265,39.242,39.219,39.172,39.126,39.312,39.497,39.601,39.705,39.797,39.889,39.832,39.774,39.935,40.096,40.246
,37.514,37.131,36.747,36.444,36.141,36.040,35.939,35.927,35.915,35.413,34.908,34.486,34.062,33.637,33.210,32.978,32.745,32.431,32.117,31.610,31.100,30.494,29.885,29.721,29.557,29.670,29.784,29.689,29.594,29.525,29.455,29.733,30.011,30.350,30.688,31.225,31.758,31.895,32.031,32.265,32.499,32.683,32.867,32.683,32.499,33.076,33.649,34.002,34.353,34.722,35.089,34.938,34.788,34.673,34.559,34.758,34.956,35.311,35.664,35.700,35.736,35.652,35.568,35.413,35.257,35.359,35.461,35.245,35.029,35.089,35.149,35.125,35.101,34.842,34.583,34.866,35.149,35.664,36.177,36.450,36.723,36.646,36.569,36.753,36.936,37.231,37.526,37.573,37.620,37.685,37.749,37.890,38.031,38.276,38.521,38.696,38.871,39.022,39.172,39.381,39.589,39.184,38.778,38.812,38.847,39.254,39.658,39.248,38.836,39.161,39.485,39.329,39.172,39.346,39.520,39.906,40.292,40.487,40.682,40.498,40.315,40.859,41.401,41.798,42.194,42.443,42.691,43.207,43.722,43.308,42.893,43.850,44.799,45.373,45.944,46.125,46.305,45.031,43.744,44.976,46.196,46.872,47.544,46.981,46.414,46.567,46.719,46.420,46.119,46.021,45.922,46.272,46.621,47.669,48.707,48.760,48.814,49.737,50.653,50.589,50.526,49.124,47.706,47.976,48.245,48.008,47.771,47.420,47.067,46.910,46.752,46.420,46.086,46.327,46.567,46.212,45.856,44.572,43.274,43.280,43.286,43.950,44.611,44.439,44.267,44.400,44.533,43.917,43.297,43.855,44.411,44.672,44.932,42.837,40.705,39.970,39.230,39.085,38.940,39.085,39.230,38.585,37.937,37.890,37.843,38.042,38.241,38.801,39.358,38.778,38.194,37.919,37.643,37.767,37.890,37.843,37.796,38.001,38.206,38.235,38.264,38.095,37.925,37.861,37.796,37.843,37.890,38.434,38.975,39.387,39.797,39.543,39.288,39.149,39.010,38.492,37.972,37.966,37.960,37.849,37.737,37.767,37.796,37.755,37.714,37.743,37.773,37.878,37.984,38.171,38.358,38.300,38.241,38.241,38.241,38.264,38.288,38.410,38.533,38.731,38.929,38.923,38.917,38.911,38.905,38.905,38.905,39.068,39.230,39.398,39.566,39.306,39.045,39.155,39.265,39.393,39.520,39.653,39.785,39.607,39.427,39.375,39.323,39.138,38.952,39.010,39.068,39.033,38.998,39.045,39.091,39.306,39.520,39.595,39.670,39.757,39.843,39.716,39.589,39.595,39.601,39.820
,37.467,37.066,36.664,36.415,36.165,36.201,36.236,36.153,36.070,35.401,34.728,34.123,33.515,33.271,33.027,32.794,32.561,32.191,31.820,31.337,30.851,30.275,29.696,29.519,29.341,29.417,29.493,29.379,29.265,29.354,29.443,29.733,30.023,30.438,30.851,31.100,31.349,31.548,31.746,31.882,32.018,32.154,32.290,32.240,32.191,33.137,34.075,34.462,34.848,34.980,35.113,34.956,34.800,34.752,34.703,35.089,35.473,35.784,36.094,35.963,35.831,35.640,35.449,35.161,34.872,34.944,35.017,34.728,34.438,34.474,34.510,34.377,34.244,34.099,33.953,34.426,34.896,35.365,35.831,36.070,36.308,36.225,36.141,36.332,36.522,36.948,37.373,37.361,37.349,37.231,37.113,37.349,37.585,37.866,38.148,38.405,38.661,38.789,38.917,38.964,39.010,38.568,38.124,38.381,38.638,39.196,39.751,39.393,39.033,39.242,39.450,39.393,39.335,39.335,39.335,39.474,39.612,39.439,39.265,39.543,39.820,40.338,40.853,40.968,41.082,41.742,42.398,43.274,44.145,43.878,43.610,44.888,46.152,46.436,46.719,46.632,46.545,45.571,44.589,46.196,47.782,48.857,49.923,49.369,48.814,48.449,48.084,47.566,47.046,46.534,46.021,46.130,46.239,47.208,48.170,48.514,48.857,49.859,50.853,51.410,51.965,50.441,48.900,48.664,48.428,47.890,47.349,47.024,46.698,46.752,46.807,46.709,46.611,47.306,47.998,47.241,46.480,45.009,43.521,43.129,42.736,43.319,43.900,44.145,44.389,44.278,44.167,43.576,42.983,44.034,45.075,45.362,45.648,43.454,41.218,40.487,39.751,39.751,39.751,39.705,39.658,38.905,38.148,37.984,37.820,37.972,38.124,38.545,38.964,38.451,37.937,37.749,37.561,37.761,37.960,37.726,37.491,37.655,37.820,38.007,38.194,38.019,37.843,37.820,37.796,37.937,38.077,38.580,39.080,39.497,39.912,39.728,39.543,39.497,39.450,38.940,38.428,38.194,37.960,37.726,37.491,37.585,37.679,37.796,37.913,37.937,37.960,37.972,37.984,38.148,38.311,38.264,38.218,38.276,38.335,38.358,38.381,38.486,38.591,38.812,39.033,39.022,39.010,38.905,38.801,38.778,38.754,38.859,38.964,39.346,39.728,39.277,38.824,38.975,39.126,39.277,39.427,39.566,39.705,39.578,39.450,39.369,39.288,39.080,38.871,38.871,38.871,38.824,38.778,38.917,39.056,39.300,39.543,39.589,39.635,39.716,39.797,39.601,39.404,39.254,39.103,39.393
,37.538,37.119,36.699,36.539,36.379,36.254,36.129,35.963,35.795,35.227,34.655,33.996,33.332,33.051,32.769,32.597,32.425,31.938,31.448,31.150,30.851,30.262,29.670,29.417,29.164,29.050,28.935,29.031,29.126,29.221,29.316,29.588,29.859,30.206,30.550,30.813,31.075,31.281,31.486,31.684,31.882,32.049,32.216,32.265,32.314,33.070,33.820,34.111,34.402,34.547,34.691,34.914,35.137,35.119,35.101,35.497,35.891,36.052,36.213,36.129,36.046,35.921,35.795,35.526,35.257,35.257,35.257,34.914,34.571,34.534,34.498,34.438,34.377,34.232,34.087,34.559,35.029,35.538,36.046,36.171,36.296,36.106,35.915,36.034,36.153,36.439,36.723,36.776,36.830,36.812,36.794,37.043,37.290,37.602,37.913,38.036,38.159,38.300,38.440,38.591,38.743,38.352,37.960,38.282,38.603,39.056,39.508,39.294,39.080,39.016,38.952,39.144,39.335,39.410,39.485,39.566,39.647,39.427,39.207,39.508,39.809,40.269,40.727,40.750,40.773,41.605,42.432,43.386,44.334,44.799,45.263,45.928,46.589,46.942,47.295,46.964,46.632,46.834,47.035,48.476,49.901,50.616,51.326,50.969,50.610,50.188,49.763,49.156,48.546,47.712,46.872,46.289,45.703,47.029,48.342,48.873,49.401,50.272,51.137,50.790,50.441,49.503,48.557,48.401,48.245,47.836,47.425,47.219,47.013,47.539,48.062,47.771,47.479,47.868,48.256,47.301,46.338,45.279,44.212,43.744,43.274,43.426,43.576,43.911,44.245,43.961,43.677,43.358,43.039,44.028,45.009,45.477,45.944,44.495,43.028,42.505,41.980,41.600,41.218,40.619,40.016,39.248,38.475,38.200,37.925,38.019,38.112,38.434,38.754,38.323,37.890,37.825,37.761,38.048,38.335,38.077,37.820,37.861,37.902,38.066,38.229,38.095,37.960,37.995,38.031,38.153,38.276,38.690,39.103,39.526,39.947,39.855,39.762,39.757,39.751,39.306,38.859,38.609,38.358,38.270,38.183,38.241,38.300,38.393,38.486,38.434,38.381,38.229,38.077,38.364,38.650,38.696,38.743,38.807,38.871,38.789,38.708,38.766,38.824,39.062,39.300,39.283,39.265,39.138,39.010,39.062,39.115,39.091,39.068,39.381,39.693,39.474,39.254,39.126,38.998,39.167,39.335,39.555,39.774,39.670,39.566,39.416,39.265,39.045,38.824,38.812,38.801,38.661,38.521,38.737,38.952,39.167,39.381,39.468,39.555,39.601,39.647,39.450,39.254,39.085,38.917,39.120
,37.608,37.172,36.735,36.664,36.593,36.308,36.022,35.772,35.520,35.053,34.583,33.868,33.149,32.831,32.511,32.401,32.290,31.684,31.075,30.963,30.851,30.249,29.645,29.316,28.986,28.681,28.375,28.681,28.986,29.088,29.189,29.443,29.696,29.973,30.249,30.525,30.801,31.013,31.225,31.486,31.746,31.944,32.142,32.290,32.438,33.002,33.564,33.759,33.953,34.111,34.268,34.872,35.473,35.485,35.497,35.903,36.308,36.320,36.332,36.296,36.260,36.201,36.141,35.891,35.640,35.568,35.497,35.101,34.703,34.595,34.486,34.498,34.510,34.365,34.220,34.691,35.161,35.712,36.260,36.272,36.284,35.986,35.688,35.736,35.784,35.927,36.070,36.189,36.308,36.391,36.474,36.735,36.995,37.337,37.679,37.667,37.655,37.808,37.960,38.218,38.475,38.136,37.796,38.183,38.568,38.917,39.265,39.196,39.126,38.789,38.451,38.894,39.335,39.485,39.635,39.658,39.682,39.416,39.149,39.474,39.797,40.200,40.602,40.533,40.464,41.469,42.465,43.498,44.522,45.714,46.894,46.959,47.024,47.447,47.868,47.295,46.719,48.084,49.433,50.716,51.986,52.351,52.715,52.549,52.382,51.902,51.421,50.727,50.029,48.878,47.717,46.447,45.164,46.850,48.514,49.231,49.944,50.684,51.421,50.166,48.900,48.557,48.213,48.138,48.062,47.782,47.501,47.414,47.328,48.320,49.305,48.825,48.342,48.428,48.514,47.360,46.196,45.549,44.899,44.356,43.811,43.532,43.252,43.677,44.100,43.644,43.185,43.140,43.095,44.023,44.943,45.593,46.239,45.527,44.810,44.489,44.167,43.420,42.668,41.526,40.372,39.589,38.801,38.416,38.031,38.066,38.101,38.323,38.545,38.194,37.843,37.902,37.960,38.335,38.708,38.428,38.148,38.066,37.984,38.124,38.264,38.171,38.077,38.171,38.264,38.370,38.475,38.801,39.126,39.555,39.981,39.981,39.981,40.016,40.050,39.670,39.288,39.022,38.754,38.812,38.871,38.894,38.917,38.987,39.056,38.929,38.801,38.486,38.171,38.580,38.987,39.126,39.265,39.335,39.404,39.219,39.033,39.045,39.056,39.312,39.566,39.543,39.520,39.369,39.219,39.346,39.474,39.323,39.172,39.416,39.658,39.670,39.682,39.277,38.871,39.056,39.242,39.543,39.843,39.762,39.682,39.462,39.242,39.010,38.778,38.754,38.731,38.498,38.264,38.556,38.847,39.033,39.219,39.346,39.474,39.485,39.497,39.300,39.103,38.917,38.731,38.847
,37.808,37.337,36.865,36.723,36.581,36.272,35.963,35.718,35.473,34.968,34.462,33.947,33.430,33.039,32.647,32.327,32.006,31.393,30.776,30.626,30.475,30.023,29.569,29.246,28.923,28.821,28.719,29.075,29.430,29.531,29.632,29.859,30.086,30.300,30.513,30.701,30.888,31.007,31.125,31.368,31.610,31.969,32.327,32.425,32.524,32.923,33.320,33.558,33.795,33.947,34.099,34.673,35.245,35.323,35.401,35.544,35.688,35.819,35.951,36.040,36.129,36.177,36.225,35.909,35.592,35.526,35.461,35.257,35.053,34.914,34.776,34.673,34.571,34.516,34.462,35.245,36.022,36.225,36.427,36.308,36.189,35.873,35.556,35.748,35.939,36.004,36.070,36.034,35.998,36.147,36.296,36.504,36.711,36.978,37.243,37.255,37.267,37.361,37.455,37.808,38.159,38.112,38.066,38.434,38.801,38.987,39.172,39.004,38.836,38.603,38.370,38.754,39.138,39.381,39.624,39.635,39.647,39.572,39.497,39.803,40.108,40.596,41.082,40.922,40.762,41.372,41.980,43.392,44.788,46.212,47.620,47.647,47.674,47.922,48.170,48.337,48.503,49.231,49.954,50.932,51.902,52.507,53.109,52.575,52.038,51.510,50.979,50.890,50.800,49.769,48.728,47.149,45.549,46.480,47.404,48.557,49.699,50.177,50.653,49.449,48.234,48.121,48.008,48.659,49.305,49.811,50.315,49.508,48.696,49.598,50.494,49.944,49.391,48.621,47.847,46.638,45.417,44.971,44.522,44.256,43.989,43.576,43.162,43.777,44.389,44.106,43.822,43.588,43.353,44.484,45.604,46.365,47.122,46.839,46.556,46.267,45.977,44.843,43.699,42.223,40.727,40.171,39.612,39.010,38.405,38.562,38.719,39.027,39.335,38.958,38.580,38.591,38.603,39.120,39.635,39.207,38.778,38.539,38.300,38.422,38.545,38.451,38.358,38.463,38.568,38.609,38.650,38.865,39.080,39.404,39.728,39.826,39.924,39.964,40.004,39.803,39.601,39.312,39.022,38.981,38.940,39.144,39.346,39.578,39.809,39.543,39.277,39.103,38.929,39.387,39.843,39.999,40.154,40.062,39.970,39.676,39.381,39.537,39.693,39.768,39.843,39.901,39.958,39.774,39.589,39.641,39.693,39.641,39.589,39.664,39.739,39.780,39.820,39.416,39.010,39.201,39.393,39.901,40.407,40.367,40.326,39.999,39.670,39.248,38.824,38.737,38.650,38.469,38.288,38.510,38.731,38.894,39.056,39.236,39.416,39.427,39.439,39.207,38.975,38.859,38.743,38.807
,38.007,37.502,36.995,36.782,36.569,36.236,35.903,35.664,35.425,34.884,34.341,34.026,33.710,33.247,32.782,32.253,31.721,31.100,30.475,30.287,30.099,29.796,29.493,29.177,28.859,28.961,29.063,29.468,29.872,29.973,30.074,30.275,30.475,30.626,30.776,30.876,30.975,31.000,31.025,31.250,31.473,31.994,32.511,32.561,32.610,32.843,33.076,33.357,33.637,33.783,33.929,34.474,35.017,35.161,35.305,35.185,35.065,35.317,35.568,35.784,35.998,36.153,36.308,35.927,35.544,35.485,35.425,35.413,35.401,35.233,35.065,34.848,34.631,34.667,34.703,35.795,36.877,36.735,36.593,36.344,36.094,35.760,35.425,35.760,36.094,36.082,36.070,35.879,35.688,35.903,36.117,36.272,36.427,36.617,36.806,36.842,36.877,36.913,36.948,37.396,37.843,38.089,38.335,38.684,39.033,39.056,39.080,38.812,38.545,38.416,38.288,38.615,38.940,39.277,39.612,39.612,39.612,39.728,39.843,40.131,40.418,40.990,41.560,41.310,41.059,41.275,41.492,43.286,45.053,46.709,48.342,48.331,48.320,48.396,48.471,49.369,50.262,50.367,50.473,51.148,51.819,52.663,53.502,52.600,51.693,51.116,50.537,51.053,51.567,50.653,49.731,47.847,45.933,46.108,46.283,47.879,49.455,49.668,49.880,48.728,47.566,47.685,47.804,49.177,50.537,51.808,53.067,51.567,50.050,50.864,51.672,51.053,50.431,48.814,47.176,45.911,44.633,44.389,44.145,44.156,44.167,43.621,43.073,43.878,44.677,44.567,44.456,44.034,43.610,44.943,46.261,47.133,47.998,48.138,48.278,48.019,47.760,46.250,44.722,42.916,41.082,40.750,40.418,39.601,38.778,39.056,39.335,39.728,40.119,39.716,39.312,39.277,39.242,39.901,40.556,39.981,39.404,39.010,38.615,38.719,38.824,38.731,38.638,38.754,38.871,38.847,38.824,38.929,39.033,39.254,39.474,39.670,39.866,39.912,39.958,39.935,39.912,39.601,39.288,39.149,39.010,39.393,39.774,40.165,40.556,40.154,39.751,39.716,39.682,40.188,40.693,40.865,41.036,40.785,40.533,40.131,39.728,40.027,40.326,40.223,40.119,40.257,40.395,40.177,39.958,39.935,39.912,39.958,40.004,39.912,39.820,39.889,39.958,39.555,39.149,39.346,39.543,40.257,40.968,40.968,40.968,40.533,40.096,39.485,38.871,38.719,38.568,38.440,38.311,38.463,38.615,38.754,38.894,39.126,39.358,39.369,39.381,39.115,38.847,38.801,38.754,38.766
,38.077,37.643,37.208,36.983,36.759,36.367,35.974,35.760,35.544,34.908,34.268,33.850,33.430,33.033,32.634,32.061,31.486,30.950,30.413,30.180,29.948,29.677,29.405,29.360,29.316,29.664,30.011,30.425,30.838,30.776,30.713,30.913,31.113,31.106,31.100,31.231,31.361,31.330,31.299,31.467,31.635,32.142,32.647,32.812,32.978,32.953,32.929,33.112,33.296,33.406,33.515,34.014,34.510,34.583,34.655,34.559,34.462,34.661,34.860,35.095,35.329,35.598,35.867,35.670,35.473,35.580,35.688,35.485,35.281,35.167,35.053,35.035,35.017,35.221,35.425,36.117,36.806,36.658,36.510,36.207,35.903,35.646,35.389,35.730,36.070,35.885,35.700,35.664,35.628,35.855,36.082,36.165,36.248,36.415,36.581,36.658,36.735,36.889,37.043,37.332,37.620,37.972,38.323,38.626,38.929,39.045,39.161,38.900,38.638,38.492,38.346,38.527,38.708,39.051,39.393,39.474,39.555,39.682,39.809,39.947,40.085,40.624,41.162,41.338,41.514,41.724,41.934,43.565,45.175,47.268,49.327,48.889,48.449,48.830,49.209,50.135,51.053,50.842,50.632,50.985,51.337,52.142,52.943,51.850,50.748,49.991,49.231,50.373,51.505,50.547,49.582,47.971,46.338,46.496,46.654,46.975,47.295,47.696,48.095,47.766,47.436,47.544,47.652,49.375,51.074,52.668,54.243,52.668,51.074,51.436,51.798,50.953,50.103,48.910,47.706,46.850,45.988,44.921,43.844,44.034,44.223,44.334,44.445,44.760,45.075,44.772,44.467,44.306,44.145,45.527,46.894,47.938,48.974,49.556,50.135,49.678,49.220,47.024,44.788,43.039,41.264,40.956,40.647,39.785,38.917,39.225,39.531,40.355,41.173,40.665,40.154,40.361,40.567,40.739,40.910,40.223,39.531,39.213,38.894,38.865,38.836,38.708,38.580,38.824,39.068,39.033,38.998,39.045,39.091,39.184,39.277,39.416,39.555,39.618,39.682,39.653,39.624,39.531,39.439,39.346,39.254,39.607,39.958,40.332,40.705,40.521,40.338,40.321,40.303,40.504,40.705,40.768,40.830,40.928,41.025,40.596,40.165,40.269,40.372,40.355,40.338,40.567,40.796,40.487,40.177,40.246,40.315,40.073,39.832,39.658,39.485,39.918,40.349,40.010,39.670,39.826,39.981,40.973,41.957,42.138,42.319,41.611,40.899,39.993,39.080,38.911,38.743,38.725,38.708,38.702,38.696,38.754,38.812,38.964,39.115,39.196,39.277,39.056,38.836,38.754,38.673,38.731
,38.148,37.784,37.420,37.184,36.948,36.498,36.046,35.855,35.664,34.932,34.196,33.674,33.149,32.818,32.487,31.870,31.250,30.801,30.350,30.074,29.796,29.557,29.316,29.544,29.771,30.362,30.950,31.374,31.796,31.573,31.349,31.548,31.746,31.585,31.424,31.585,31.746,31.659,31.573,31.684,31.796,32.290,32.782,33.063,33.345,33.063,32.782,32.867,32.953,33.027,33.100,33.552,34.002,34.002,34.002,33.929,33.856,34.002,34.147,34.402,34.655,35.041,35.425,35.413,35.401,35.676,35.951,35.556,35.161,35.101,35.041,35.221,35.401,35.772,36.141,36.439,36.735,36.581,36.427,36.070,35.712,35.532,35.353,35.700,36.046,35.688,35.329,35.449,35.568,35.807,36.046,36.058,36.070,36.213,36.355,36.474,36.593,36.865,37.137,37.267,37.396,37.855,38.311,38.568,38.824,39.033,39.242,38.987,38.731,38.568,38.405,38.440,38.475,38.824,39.172,39.335,39.497,39.635,39.774,39.762,39.751,40.257,40.762,41.367,41.968,42.172,42.375,43.844,45.296,47.825,50.304,49.444,48.578,49.263,49.944,50.895,51.840,51.316,50.790,50.821,50.853,51.620,52.382,51.095,49.795,48.857,47.911,49.689,51.442,50.441,49.433,48.095,46.741,46.883,47.024,46.064,45.097,45.692,46.283,46.796,47.306,47.404,47.501,49.572,51.609,53.522,55.407,53.759,52.090,52.007,51.923,50.853,49.774,49.007,48.234,47.782,47.328,45.450,43.543,43.911,44.278,45.042,45.801,45.637,45.472,44.976,44.478,44.578,44.677,46.108,47.523,48.739,49.944,50.958,51.965,51.316,50.663,47.793,44.854,43.162,41.446,41.162,40.876,39.970,39.056,39.393,39.728,40.979,42.217,41.605,40.990,41.435,41.878,41.571,41.264,40.464,39.658,39.416,39.172,39.010,38.847,38.684,38.521,38.894,39.265,39.219,39.172,39.161,39.149,39.115,39.080,39.161,39.242,39.323,39.404,39.369,39.335,39.462,39.589,39.543,39.497,39.820,40.142,40.498,40.853,40.888,40.922,40.922,40.922,40.819,40.716,40.670,40.624,41.070,41.514,41.059,40.602,40.510,40.418,40.487,40.556,40.876,41.196,40.796,40.395,40.556,40.716,40.188,39.658,39.404,39.149,39.947,40.739,40.464,40.188,40.303,40.418,41.685,42.938,43.297,43.655,42.679,41.696,40.498,39.288,39.103,38.917,39.010,39.103,38.940,38.778,38.754,38.731,38.801,38.871,39.022,39.172,38.998,38.824,38.708,38.591,38.696
,38.323,37.990,37.655,37.496,37.337,36.978,36.617,36.391,36.165,35.191,34.208,33.661,33.112,32.782,32.450,31.987,31.523,31.063,30.601,30.268,29.935,29.696,29.455,29.834,30.212,30.950,31.684,31.901,32.117,32.012,31.907,32.024,32.142,31.926,31.709,31.938,32.166,32.142,32.117,32.142,32.166,32.806,33.442,33.460,33.479,33.137,32.794,32.910,33.027,33.070,33.112,33.552,33.990,34.020,34.050,33.929,33.807,33.862,33.917,34.087,34.256,34.643,35.029,35.059,35.089,35.299,35.508,35.239,34.968,34.920,34.872,35.053,35.233,35.598,35.963,36.076,36.189,36.183,36.177,35.957,35.736,35.598,35.461,35.419,35.377,35.239,35.101,35.323,35.544,35.873,36.201,36.195,36.189,36.171,36.153,36.225,36.296,36.634,36.972,37.155,37.337,37.796,38.253,38.229,38.206,38.457,38.708,38.807,38.905,38.679,38.451,38.451,38.451,38.731,39.010,39.201,39.393,39.520,39.647,39.664,39.682,40.188,40.693,41.281,41.866,42.307,42.747,43.789,44.821,46.327,47.814,47.441,47.067,47.739,48.406,49.604,50.790,50.426,50.060,50.436,50.811,51.934,53.047,51.881,50.705,49.710,48.707,50.002,51.284,50.542,49.795,48.519,47.230,47.165,47.100,45.900,44.689,45.642,46.589,47.393,48.191,48.696,49.199,50.098,50.990,51.897,52.798,52.127,51.452,51.174,50.895,49.774,48.643,48.374,48.105,48.014,47.922,46.534,45.131,45.411,45.692,46.507,47.317,47.040,46.763,46.294,45.823,45.538,45.252,46.239,47.219,48.224,49.220,50.055,50.885,50.515,50.145,47.906,45.626,44.028,42.409,41.315,40.211,39.410,38.603,39.016,39.427,40.939,42.432,42.409,42.386,42.505,42.623,41.929,41.230,40.567,39.901,39.618,39.335,39.288,39.242,39.115,38.987,38.935,38.882,38.958,39.033,39.068,39.103,39.027,38.952,38.981,39.010,39.201,39.393,39.346,39.300,39.369,39.439,39.485,39.531,39.872,40.211,40.430,40.647,41.133,41.617,41.475,41.332,40.973,40.613,40.636,40.659,41.241,41.821,41.349,40.876,40.653,40.430,40.516,40.602,40.733,40.865,40.561,40.257,40.407,40.556,39.993,39.427,39.526,39.624,40.355,41.082,41.418,41.753,41.929,42.104,43.134,44.156,44.289,44.423,43.515,42.601,41.298,39.981,39.618,39.254,39.277,39.300,39.138,38.975,38.876,38.778,38.894,39.010,39.172,39.335,39.172,39.010,38.818,38.626,38.778
,38.498,38.194,37.890,37.808,37.726,37.455,37.184,36.924,36.664,35.449,34.220,33.649,33.076,32.745,32.413,32.105,31.796,31.324,30.851,30.463,30.074,29.834,29.594,30.124,30.651,31.535,32.413,32.425,32.438,32.450,32.462,32.499,32.536,32.265,31.994,32.290,32.585,32.622,32.659,32.597,32.536,33.320,34.099,33.856,33.613,33.210,32.806,32.953,33.100,33.112,33.125,33.552,33.978,34.038,34.099,33.929,33.759,33.722,33.686,33.771,33.856,34.244,34.631,34.703,34.776,34.920,35.065,34.920,34.776,34.740,34.703,34.884,35.065,35.425,35.784,35.712,35.640,35.784,35.927,35.843,35.760,35.664,35.568,35.137,34.703,34.788,34.872,35.197,35.520,35.939,36.355,36.332,36.308,36.129,35.951,35.974,35.998,36.403,36.806,37.043,37.279,37.737,38.194,37.890,37.585,37.878,38.171,38.626,39.080,38.789,38.498,38.463,38.428,38.638,38.847,39.068,39.288,39.404,39.520,39.566,39.612,40.119,40.624,41.196,41.764,42.443,43.118,43.733,44.345,44.810,45.274,45.406,45.538,46.196,46.850,48.299,49.731,49.529,49.327,50.050,50.769,52.247,53.708,52.663,51.609,50.558,49.497,50.315,51.127,50.642,50.156,48.942,47.717,47.447,47.176,45.736,44.278,45.593,46.894,47.987,49.071,49.976,50.874,50.621,50.367,50.251,50.135,50.473,50.811,50.336,49.859,48.685,47.501,47.739,47.976,48.245,48.514,47.609,46.698,46.894,47.089,47.955,48.814,48.428,48.041,47.598,47.154,46.491,45.823,46.371,46.915,47.706,48.492,49.145,49.795,49.710,49.625,48.019,46.392,44.888,43.364,41.469,39.543,38.847,38.148,38.638,39.126,40.899,42.646,43.207,43.766,43.565,43.364,42.285,41.196,40.670,40.142,39.820,39.497,39.566,39.635,39.543,39.450,38.975,38.498,38.696,38.894,38.975,39.056,38.940,38.824,38.801,38.778,39.080,39.381,39.323,39.265,39.277,39.288,39.427,39.566,39.924,40.280,40.361,40.441,41.378,42.307,42.025,41.742,41.127,40.510,40.602,40.693,41.412,42.127,41.639,41.150,40.796,40.441,40.544,40.647,40.590,40.533,40.326,40.119,40.257,40.395,39.797,39.196,39.647,40.096,40.762,41.423,42.364,43.297,43.532,43.766,44.567,45.362,45.274,45.186,44.345,43.498,42.093,40.670,40.131,39.589,39.543,39.497,39.335,39.172,38.998,38.824,38.987,39.149,39.323,39.497,39.346,39.196,38.929,38.661,38.859
,38.743,38.684,38.626,38.609,38.591,38.130,37.667,37.084,36.498,35.287,34.062,33.607,33.149,32.843,32.536,32.271,32.006,31.504,31.000,30.638,30.275,30.180,30.086,30.475,30.863,31.604,32.339,32.511,32.683,32.634,32.585,32.573,32.561,32.450,32.339,32.677,33.014,33.039,33.063,33.039,33.014,33.935,34.848,34.414,33.978,33.576,33.174,33.143,33.112,33.008,32.904,33.332,33.759,33.984,34.208,34.214,34.220,34.087,33.953,33.880,33.807,34.014,34.220,34.275,34.329,34.353,34.377,34.305,34.232,34.486,34.740,34.932,35.125,35.311,35.497,35.431,35.365,35.586,35.807,35.807,35.807,35.538,35.269,34.926,34.583,34.860,35.137,35.485,35.831,36.219,36.605,36.326,36.046,36.046,36.046,36.117,36.189,36.634,37.078,37.385,37.690,37.896,38.101,37.702,37.302,37.679,38.054,38.475,38.894,38.818,38.743,38.510,38.276,38.457,38.638,38.789,38.940,39.138,39.335,39.514,39.693,40.665,41.628,41.707,41.787,42.030,42.274,43.101,43.922,44.162,44.400,44.539,44.677,45.004,45.329,46.360,47.382,47.750,48.116,49.172,50.219,51.656,53.078,52.346,51.609,49.997,48.363,49.375,50.378,50.610,50.842,50.045,49.241,48.535,47.825,46.768,45.703,47.349,48.974,50.076,51.169,51.195,51.221,50.827,50.431,50.166,49.901,50.921,51.934,50.658,49.369,48.337,47.295,48.068,48.835,49.103,49.369,48.728,48.084,48.304,48.525,48.718,48.910,48.304,47.696,47.225,46.752,46.518,46.283,47.062,47.836,48.294,48.750,48.653,48.557,48.251,47.944,47.501,47.057,45.917,44.766,42.104,39.381,38.818,38.253,39.115,39.970,41.548,43.106,43.403,43.699,43.470,43.241,42.764,42.285,41.588,40.888,40.973,41.059,41.230,41.401,40.893,40.384,39.526,38.661,38.795,38.929,39.161,39.393,39.201,39.010,38.911,38.812,39.265,39.716,39.641,39.566,39.410,39.254,39.254,39.254,39.583,39.912,40.114,40.315,41.201,42.081,41.861,41.639,41.184,40.727,40.716,40.705,41.401,42.093,41.571,41.047,40.733,40.418,40.412,40.407,40.762,41.116,40.705,40.292,40.125,39.958,39.774,39.589,40.298,41.002,41.832,42.657,43.476,44.289,44.533,44.777,45.318,45.856,45.378,44.899,43.922,42.938,41.883,40.819,40.315,39.809,39.612,39.416,39.288,39.161,39.068,38.975,39.097,39.219,39.387,39.555,39.352,39.149,39.004,38.859,39.027
,38.987,39.172,39.358,39.404,39.450,38.801,38.148,37.243,36.332,35.125,33.905,33.564,33.222,32.941,32.659,32.438,32.216,31.684,31.150,30.813,30.475,30.525,30.576,30.826,31.075,31.672,32.265,32.597,32.929,32.818,32.708,32.647,32.585,32.634,32.683,33.063,33.442,33.454,33.467,33.479,33.491,34.547,35.592,34.968,34.341,33.941,33.540,33.332,33.125,32.904,32.683,33.112,33.540,33.929,34.317,34.498,34.679,34.450,34.220,33.990,33.759,33.783,33.807,33.844,33.880,33.783,33.686,33.686,33.686,34.232,34.776,34.980,35.185,35.197,35.209,35.149,35.089,35.389,35.688,35.772,35.855,35.413,34.968,34.715,34.462,34.932,35.401,35.772,36.141,36.498,36.853,36.320,35.784,35.963,36.141,36.260,36.379,36.865,37.349,37.726,38.101,38.054,38.007,37.514,37.019,37.479,37.937,38.323,38.708,38.847,38.987,38.556,38.124,38.276,38.428,38.510,38.591,38.871,39.149,39.462,39.774,41.207,42.623,42.217,41.810,41.617,41.423,42.465,43.498,43.509,43.521,43.666,43.811,43.800,43.789,44.389,44.987,45.944,46.894,48.288,49.668,51.064,52.445,52.028,51.609,49.433,47.219,48.428,49.625,50.579,51.526,51.137,50.748,49.614,48.471,47.793,47.111,49.081,51.021,52.132,53.233,52.403,51.567,51.032,50.494,50.082,49.668,51.368,53.047,50.979,48.878,47.987,47.089,48.396,49.689,49.954,50.219,49.838,49.455,49.699,49.944,49.476,49.007,48.181,47.349,46.850,46.349,46.545,46.741,47.750,48.750,48.878,49.007,48.159,47.306,46.774,46.239,46.981,47.717,46.937,46.152,42.736,39.219,38.789,38.358,39.589,40.808,42.194,43.565,43.599,43.632,43.375,43.118,43.241,43.364,42.499,41.628,42.115,42.601,42.871,43.140,42.228,41.310,40.073,38.824,38.894,38.964,39.346,39.728,39.462,39.196,39.022,38.847,39.450,40.050,39.958,39.866,39.543,39.219,39.080,38.940,39.242,39.543,39.866,40.188,41.025,41.855,41.696,41.537,41.241,40.945,40.830,40.716,41.389,42.059,41.503,40.945,40.670,40.395,40.280,40.165,40.933,41.696,41.082,40.464,39.993,39.520,39.751,39.981,40.945,41.900,42.893,43.878,44.578,45.274,45.527,45.780,46.064,46.349,45.483,44.611,43.498,42.375,41.673,40.968,40.498,40.027,39.682,39.335,39.242,39.149,39.138,39.126,39.207,39.288,39.450,39.612,39.358,39.103,39.080,39.056,39.196
,39.981,40.246,40.510,40.085,39.658,38.969,38.276,37.131,35.974,34.986,33.990,33.741,33.491,33.369,33.247,32.892,32.536,32.018,31.498,31.405,31.312,31.256,31.200,31.318,31.436,31.901,32.364,32.677,32.990,32.916,32.843,32.806,32.769,33.088,33.406,33.607,33.807,33.741,33.674,33.893,34.111,34.998,35.879,35.209,34.534,33.953,33.369,33.014,32.659,32.825,32.990,33.320,33.649,34.087,34.522,34.944,35.365,35.239,35.113,34.818,34.522,34.353,34.184,34.492,34.800,34.794,34.788,34.613,34.438,35.191,35.939,35.921,35.903,35.574,35.245,35.401,35.556,35.598,35.640,35.766,35.891,35.532,35.173,35.215,35.257,35.610,35.963,36.135,36.308,36.338,36.367,36.040,35.712,35.939,36.165,36.183,36.201,36.557,36.913,37.367,37.820,37.761,37.702,37.332,36.960,37.390,37.820,38.095,38.370,38.568,38.766,38.603,38.440,38.440,38.440,38.416,38.393,38.807,39.219,39.422,39.624,40.802,41.968,41.872,41.776,41.617,41.458,42.194,42.927,42.989,43.050,43.112,43.174,42.854,42.533,42.882,43.230,44.251,45.263,46.611,47.944,48.589,49.231,49.433,49.636,48.331,47.013,48.191,49.359,49.954,50.547,50.552,50.558,49.997,49.433,48.953,48.471,50.299,52.101,52.907,53.708,53.269,52.829,52.038,51.242,50.906,50.568,51.677,52.777,50.595,48.374,47.663,46.948,48.019,49.081,48.616,48.148,47.987,47.825,48.659,49.487,49.172,48.857,48.095,47.328,46.398,45.461,45.598,45.736,46.997,48.245,48.551,48.857,48.449,48.041,47.441,46.839,47.008,47.176,46.212,45.241,42.166,39.010,38.917,38.824,40.263,41.685,42.657,43.621,43.789,43.956,44.262,44.567,44.506,44.445,43.398,42.341,43.033,43.722,44.228,44.733,43.151,41.548,40.475,39.393,39.653,39.912,40.200,40.487,40.096,39.705,39.329,38.952,39.474,39.993,39.906,39.820,39.514,39.207,39.010,38.812,38.940,39.068,39.595,40.119,41.207,42.285,42.104,41.923,41.497,41.070,40.922,40.773,41.201,41.628,41.458,41.287,41.452,41.617,41.253,40.888,41.196,41.503,41.173,40.842,40.165,39.485,39.895,40.303,41.628,42.938,44.406,45.856,46.190,46.523,46.398,46.272,46.600,46.926,45.982,45.031,43.431,41.810,41.190,40.567,40.246,39.924,39.618,39.312,39.312,39.312,39.288,39.265,39.265,39.265,39.375,39.485,39.329,39.172,39.132,39.091,39.294
,40.968,41.310,41.651,40.762,39.866,39.138,38.405,37.019,35.616,34.848,34.075,33.917,33.759,33.795,33.832,33.345,32.855,32.351,31.845,31.994,32.142,31.981,31.820,31.808,31.796,32.129,32.462,32.757,33.051,33.014,32.978,32.965,32.953,33.540,34.123,34.147,34.172,34.026,33.880,34.305,34.728,35.449,36.165,35.449,34.728,33.965,33.198,32.696,32.191,32.745,33.296,33.528,33.759,34.244,34.728,35.389,36.046,36.022,35.998,35.640,35.281,34.920,34.559,35.137,35.712,35.795,35.879,35.532,35.185,36.141,37.090,36.853,36.617,35.951,35.281,35.652,36.022,35.807,35.592,35.760,35.927,35.652,35.377,35.712,36.046,36.284,36.522,36.498,36.474,36.177,35.879,35.760,35.640,35.915,36.189,36.106,36.022,36.248,36.474,37.007,37.538,37.467,37.396,37.149,36.901,37.302,37.702,37.866,38.031,38.288,38.545,38.650,38.754,38.603,38.451,38.323,38.194,38.743,39.288,39.381,39.474,40.395,41.310,41.526,41.742,41.617,41.492,41.923,42.353,42.465,42.578,42.556,42.533,41.900,41.264,41.355,41.446,42.533,43.610,44.910,46.196,46.064,45.933,46.785,47.631,47.219,46.807,47.955,49.092,49.327,49.561,49.965,50.367,50.378,50.389,50.103,49.816,51.505,53.171,53.677,54.181,54.130,54.078,53.036,51.986,51.725,51.463,51.986,52.507,50.209,47.868,47.339,46.807,47.642,48.471,47.263,46.043,46.108,46.174,47.609,49.028,48.867,48.707,48.008,47.306,45.944,44.567,44.644,44.722,46.239,47.739,48.224,48.707,48.739,48.771,48.105,47.436,47.035,46.632,45.483,44.323,41.594,38.801,39.045,39.288,40.933,42.556,43.118,43.677,43.978,44.278,45.142,45.999,45.758,45.516,44.289,43.050,43.945,44.832,45.571,46.305,44.067,41.787,40.876,39.958,40.407,40.853,41.047,41.241,40.727,40.211,39.635,39.056,39.497,39.935,39.855,39.774,39.485,39.196,38.940,38.684,38.638,38.591,39.323,40.050,41.389,42.713,42.510,42.307,41.753,41.196,41.013,40.830,41.013,41.196,41.412,41.628,42.228,42.826,42.217,41.605,41.458,41.310,41.264,41.218,40.338,39.450,40.039,40.624,42.307,43.967,45.900,47.804,47.782,47.760,47.263,46.763,47.133,47.501,46.480,45.450,43.364,41.241,40.705,40.165,39.993,39.820,39.555,39.288,39.381,39.474,39.439,39.404,39.323,39.242,39.300,39.358,39.300,39.242,39.184,39.126,39.393
,41.923,42.036,42.149,41.207,40.257,39.265,38.264,36.966,35.652,34.992,34.329,34.281,34.232,34.117,34.002,33.497,32.990,32.653,32.314,32.394,32.474,32.314,32.154,32.074,31.994,32.314,32.634,33.204,33.771,33.765,33.759,33.917,34.075,34.559,35.041,34.836,34.631,34.516,34.402,34.878,35.353,36.100,36.842,35.980,35.113,34.075,33.027,32.984,32.941,33.588,34.232,34.444,34.655,34.914,35.173,35.652,36.129,36.034,35.939,35.658,35.377,35.227,35.077,35.628,36.177,36.242,36.308,36.040,35.772,36.326,36.877,36.628,36.379,35.998,35.616,35.873,36.129,35.974,35.819,35.998,36.177,36.076,35.974,36.254,36.534,36.551,36.569,36.427,36.284,36.052,35.819,35.700,35.580,35.855,36.129,35.992,35.855,35.969,36.082,36.676,37.267,37.048,36.830,36.652,36.474,36.830,37.184,37.367,37.549,37.814,38.077,38.282,38.486,38.504,38.521,38.375,38.229,38.673,39.115,39.062,39.010,39.762,40.510,40.939,41.367,41.406,41.446,41.883,42.319,42.353,42.386,42.386,42.386,42.070,41.753,41.446,41.139,42.121,43.095,44.384,45.659,46.059,46.458,46.888,47.317,47.035,46.752,47.176,47.598,47.760,47.922,48.857,49.784,49.891,49.997,49.353,48.707,50.674,52.611,53.223,53.831,53.826,53.821,53.202,52.580,51.798,51.011,51.253,51.494,49.545,47.566,46.834,46.097,46.054,46.010,44.777,43.532,43.549,43.565,44.821,46.064,46.491,46.915,46.316,45.714,44.965,44.212,44.323,44.434,45.609,46.774,47.349,47.922,47.955,47.987,47.981,47.976,48.030,48.084,46.807,45.516,42.296,38.987,39.161,39.335,40.899,42.443,42.730,43.017,43.582,44.145,45.450,46.741,46.097,45.450,44.312,43.162,43.833,44.500,44.661,44.821,43.420,42.002,41.560,41.116,41.104,41.093,41.298,41.503,41.247,40.990,40.458,39.924,39.981,40.039,39.837,39.635,39.283,38.929,38.650,38.370,38.510,38.650,39.259,39.866,41.036,42.194,42.161,42.127,41.702,41.275,41.019,40.762,40.910,41.059,41.639,42.217,42.932,43.644,43.118,42.589,41.668,40.739,40.607,40.475,39.947,39.416,39.814,40.211,41.662,43.095,45.257,47.382,48.068,48.750,48.519,48.288,48.525,48.760,47.631,46.491,44.345,42.161,41.372,40.579,40.234,39.889,39.682,39.474,39.601,39.728,39.664,39.601,39.497,39.393,39.369,39.346,39.288,39.230,39.196,39.161,39.294
,42.871,42.758,42.646,41.651,40.647,39.393,38.124,36.913,35.688,35.137,34.583,34.643,34.703,34.438,34.172,33.649,33.125,32.953,32.782,32.794,32.806,32.647,32.487,32.339,32.191,32.499,32.806,33.649,34.486,34.510,34.534,34.860,35.185,35.568,35.951,35.520,35.089,35.005,34.920,35.449,35.974,36.747,37.514,36.510,35.497,34.184,32.855,33.271,33.686,34.426,35.161,35.353,35.544,35.580,35.616,35.915,36.213,36.046,35.879,35.676,35.473,35.532,35.592,36.117,36.640,36.688,36.735,36.545,36.355,36.510,36.664,36.403,36.141,36.046,35.951,36.094,36.236,36.141,36.046,36.236,36.427,36.498,36.569,36.794,37.019,36.818,36.617,36.355,36.094,35.927,35.760,35.640,35.520,35.795,36.070,35.879,35.688,35.688,35.688,36.344,36.995,36.628,36.260,36.153,36.046,36.355,36.664,36.865,37.066,37.337,37.608,37.913,38.218,38.405,38.591,38.428,38.264,38.603,38.940,38.743,38.545,39.126,39.705,40.349,40.990,41.196,41.401,41.844,42.285,42.240,42.194,42.217,42.240,42.240,42.240,41.537,40.830,41.707,42.578,43.855,45.120,46.054,46.981,46.991,47.002,46.850,46.698,46.392,46.086,46.174,46.261,47.739,49.199,49.401,49.604,48.600,47.587,49.838,52.048,52.767,53.481,53.522,53.563,53.367,53.171,51.871,50.558,50.515,50.473,48.878,47.263,46.327,45.384,44.445,43.498,42.240,40.968,40.933,40.899,41.968,43.028,44.067,45.097,44.600,44.100,43.978,43.855,44.000,44.145,44.976,45.801,46.469,47.133,47.165,47.198,47.857,48.514,49.017,49.519,48.116,46.698,42.994,39.172,39.277,39.381,40.865,42.330,42.341,42.353,43.185,44.011,45.758,47.479,46.436,45.384,44.334,43.274,43.722,44.167,43.744,43.319,42.769,42.217,42.240,42.262,41.798,41.332,41.548,41.764,41.764,41.764,41.275,40.785,40.464,40.142,39.820,39.497,39.080,38.661,38.358,38.054,38.381,38.708,39.196,39.682,40.682,41.673,41.810,41.946,41.651,41.355,41.025,40.693,40.808,40.922,41.866,42.803,43.632,44.456,44.011,43.565,41.878,40.165,39.947,39.728,39.555,39.381,39.589,39.797,41.013,42.217,44.611,46.959,48.353,49.731,49.763,49.795,49.901,50.007,48.771,47.523,45.318,43.073,42.036,40.990,40.475,39.958,39.809,39.658,39.820,39.981,39.889,39.797,39.670,39.543,39.439,39.335,39.277,39.219,39.207,39.196,39.196
,43.521,43.241,42.960,41.827,40.682,39.474,38.253,37.231,36.201,35.610,35.017,35.017,35.017,34.715,34.414,34.159,33.905,33.558,33.210,33.082,32.953,32.714,32.474,32.333,32.191,32.640,33.088,34.075,35.053,35.245,35.437,35.778,36.117,36.201,36.284,35.837,35.389,35.389,35.389,35.909,36.427,37.161,37.890,36.800,35.700,35.161,34.619,35.239,35.855,36.427,36.995,37.178,37.361,37.043,36.723,36.682,36.640,36.141,35.640,35.485,35.329,35.742,36.153,36.729,37.302,37.178,37.054,36.960,36.865,36.806,36.747,36.367,35.986,35.915,35.843,36.088,36.332,36.450,36.569,36.664,36.759,36.960,37.161,37.249,37.337,37.125,36.913,36.954,36.995,36.930,36.865,36.765,36.664,36.528,36.391,36.135,35.879,35.933,35.986,36.349,36.711,36.539,36.367,36.302,36.236,36.456,36.676,36.918,37.161,37.308,37.455,37.708,37.960,38.241,38.521,38.428,38.335,38.440,38.545,38.521,38.498,38.993,39.485,40.004,40.521,40.830,41.139,41.622,42.104,41.872,41.639,41.696,41.753,41.883,42.013,41.372,40.727,41.213,41.696,42.589,43.476,44.439,45.395,45.483,45.571,45.505,45.439,44.910,44.378,44.473,44.567,45.406,46.239,46.730,47.219,46.512,45.801,47.701,49.572,50.241,50.906,51.305,51.704,51.205,50.705,49.891,49.071,48.942,48.814,47.539,46.250,45.356,44.456,43.403,42.341,41.247,40.142,39.872,39.601,40.280,40.956,41.878,42.792,42.488,42.183,42.465,42.747,43.716,44.677,44.711,44.744,44.937,45.131,45.219,45.307,45.911,46.512,47.154,47.793,46.611,45.417,42.279,39.056,39.051,39.045,40.125,41.196,41.611,42.025,42.589,43.151,44.666,46.163,46.168,46.174,45.136,44.089,43.694,43.297,42.966,42.634,42.758,42.882,42.910,42.938,42.432,41.923,42.132,42.341,42.443,42.544,41.929,41.310,40.836,40.361,39.964,39.566,39.144,38.719,38.719,38.719,39.080,39.439,40.027,40.613,41.127,41.639,41.520,41.401,41.076,40.750,40.699,40.647,40.945,41.241,42.307,43.364,43.917,44.467,43.967,43.465,42.115,40.750,40.223,39.693,39.555,39.416,39.601,39.785,40.842,41.889,43.961,45.999,47.344,48.675,49.353,50.029,50.309,50.589,49.513,48.428,46.338,44.212,42.955,41.685,40.945,40.200,39.999,39.797,39.918,40.039,40.016,39.993,39.785,39.578,39.503,39.427,39.381,39.335,39.271,39.207,39.225
,44.167,43.722,43.274,42.002,40.716,39.555,38.381,37.549,36.711,36.082,35.449,35.389,35.329,34.992,34.655,34.667,34.679,34.159,33.637,33.369,33.100,32.782,32.462,32.327,32.191,32.782,33.369,34.498,35.616,35.974,36.332,36.688,37.043,36.830,36.617,36.153,35.688,35.772,35.855,36.367,36.877,37.573,38.264,37.090,35.903,36.129,36.355,37.172,37.984,38.393,38.801,38.975,39.149,38.486,37.820,37.443,37.066,36.236,35.401,35.293,35.185,35.951,36.711,37.337,37.960,37.667,37.373,37.373,37.373,37.102,36.830,36.332,35.831,35.784,35.736,36.082,36.427,36.759,37.090,37.090,37.090,37.420,37.749,37.702,37.655,37.432,37.208,37.549,37.890,37.925,37.960,37.878,37.796,37.255,36.711,36.391,36.070,36.177,36.284,36.355,36.427,36.450,36.474,36.450,36.427,36.557,36.688,36.972,37.255,37.279,37.302,37.502,37.702,38.077,38.451,38.428,38.405,38.276,38.148,38.300,38.451,38.859,39.265,39.658,40.050,40.464,40.876,41.401,41.923,41.503,41.082,41.173,41.264,41.526,41.787,41.207,40.624,40.716,40.808,41.310,41.810,42.803,43.789,43.956,44.123,44.145,44.167,43.409,42.646,42.747,42.848,43.028,43.207,44.000,44.788,44.389,43.989,45.527,47.046,47.663,48.278,49.049,49.816,49.007,48.191,47.879,47.566,47.349,47.133,46.185,45.230,44.378,43.521,42.353,41.173,40.246,39.312,38.801,38.288,38.568,38.847,39.647,40.441,40.338,40.234,40.933,41.628,43.431,45.208,44.445,43.677,43.386,43.095,43.241,43.386,43.933,44.478,45.263,46.043,45.086,44.123,41.560,38.940,38.824,38.708,39.381,40.050,40.876,41.696,41.991,42.285,43.565,44.832,45.900,46.959,45.933,44.899,43.666,42.420,42.183,41.946,42.747,43.543,43.576,43.610,43.061,42.510,42.713,42.916,43.118,43.319,42.578,41.832,41.207,40.579,40.108,39.635,39.207,38.778,39.080,39.381,39.774,40.165,40.853,41.537,41.571,41.605,41.230,40.853,40.498,40.142,40.372,40.602,41.082,41.560,42.747,43.922,44.201,44.478,43.922,43.364,42.353,41.332,40.498,39.658,39.555,39.450,39.612,39.774,40.670,41.560,43.308,45.031,46.327,47.609,48.942,50.262,50.716,51.169,50.251,49.327,47.349,45.340,43.867,42.375,41.412,40.441,40.188,39.935,40.016,40.096,40.142,40.188,39.901,39.612,39.566,39.520,39.485,39.450,39.335,39.219,39.254
,44.700,43.738,42.769,41.537,40.292,39.427,38.556,37.984,37.408,36.865,36.320,35.957,35.592,35.299,35.005,35.047,35.089,34.396,33.698,33.363,33.027,32.806,32.585,32.413,32.240,32.978,33.710,34.836,35.951,36.361,36.771,37.320,37.866,37.596,37.326,36.913,36.498,36.439,36.379,36.759,37.137,37.931,38.719,38.130,37.538,37.995,38.451,39.242,40.027,40.108,40.188,40.131,40.073,39.555,39.033,38.276,37.514,36.806,36.094,36.058,36.022,36.705,37.385,37.614,37.843,37.861,37.878,37.913,37.949,37.614,37.279,36.670,36.058,36.070,36.082,36.628,37.172,37.585,37.995,37.943,37.890,38.159,38.428,38.515,38.603,38.416,38.229,38.504,38.778,38.609,38.440,38.282,38.124,37.749,37.373,37.060,36.747,36.918,37.090,37.273,37.455,37.420,37.385,37.349,37.314,37.432,37.549,37.602,37.655,37.655,37.655,37.602,37.549,37.919,38.288,38.264,38.241,38.241,38.241,38.492,38.743,38.975,39.207,39.595,39.981,40.395,40.808,40.996,41.184,41.127,41.070,41.321,41.571,41.651,41.730,41.122,40.510,40.418,40.326,40.825,41.321,41.872,42.420,42.561,42.702,42.741,42.781,42.324,41.866,41.804,41.742,41.770,41.798,42.708,43.610,43.537,43.465,44.362,45.252,45.631,46.010,46.834,47.652,47.501,47.349,46.600,45.845,45.906,45.966,45.252,44.533,43.828,43.118,42.161,41.196,40.275,39.346,38.702,38.054,38.224,38.393,38.888,39.381,39.259,39.138,39.826,40.510,42.121,43.710,43.565,43.420,42.814,42.206,42.098,41.991,42.166,42.341,43.061,43.777,43.090,42.398,40.516,38.603,38.748,38.894,39.716,40.533,40.990,41.446,41.503,41.560,42.257,42.949,43.883,44.810,43.972,43.129,42.228,41.321,41.878,42.432,42.831,43.230,43.039,42.848,42.668,42.488,42.640,42.792,42.983,43.174,42.809,42.443,41.900,41.355,40.830,40.303,40.154,40.004,40.022,40.039,40.510,40.979,41.548,42.115,41.713,41.310,41.099,40.888,40.653,40.418,40.332,40.246,40.739,41.230,42.448,43.655,44.156,44.655,43.945,43.230,42.262,41.287,40.424,39.555,39.503,39.450,39.607,39.762,40.579,41.389,42.775,44.145,45.224,46.294,47.246,48.191,48.948,49.699,49.252,48.803,47.431,46.043,44.423,42.781,41.679,40.567,40.194,39.820,39.809,39.797,39.935,40.073,39.912,39.751,39.664,39.578,39.549,39.520,39.410,39.300,39.375
,45.230,43.755,42.262,41.070,39.866,39.300,38.731,38.416,38.101,37.643,37.184,36.522,35.855,35.604,35.353,35.425,35.497,34.631,33.759,33.357,32.953,32.831,32.708,32.499,32.290,33.174,34.050,35.173,36.284,36.747,37.208,37.949,38.684,38.358,38.031,37.667,37.302,37.102,36.901,37.149,37.396,38.288,39.172,39.161,39.149,39.832,40.510,41.275,42.036,41.798,41.560,41.275,40.990,40.613,40.234,39.103,37.960,37.373,36.782,36.818,36.853,37.455,38.054,37.890,37.726,38.054,38.381,38.451,38.521,38.124,37.726,37.007,36.284,36.355,36.427,37.172,37.913,38.405,38.894,38.789,38.684,38.894,39.103,39.323,39.543,39.393,39.242,39.450,39.658,39.288,38.917,38.684,38.451,38.241,38.031,37.726,37.420,37.655,37.890,38.183,38.475,38.381,38.288,38.241,38.194,38.300,38.405,38.229,38.054,38.031,38.007,37.702,37.396,37.761,38.124,38.101,38.077,38.206,38.335,38.684,39.033,39.091,39.149,39.531,39.912,40.326,40.739,40.590,40.441,40.750,41.059,41.469,41.878,41.776,41.673,41.036,40.395,40.119,39.843,40.338,40.830,40.933,41.036,41.150,41.264,41.321,41.378,41.230,41.082,40.853,40.624,40.498,40.372,41.401,42.420,42.679,42.938,43.185,43.431,43.565,43.699,44.578,45.450,45.977,46.502,45.307,44.100,44.445,44.788,44.312,43.833,43.274,42.713,41.968,41.218,40.303,39.381,38.603,37.820,37.878,37.937,38.124,38.311,38.171,38.031,38.708,39.381,40.796,42.194,42.679,43.162,42.240,41.310,40.945,40.579,40.372,40.165,40.819,41.469,41.059,40.647,39.462,38.264,38.673,39.080,40.050,41.013,41.104,41.196,41.013,40.830,40.933,41.036,41.832,42.623,41.980,41.332,40.773,40.211,41.571,42.916,42.916,42.916,42.499,42.081,42.274,42.465,42.567,42.668,42.848,43.028,43.039,43.050,42.589,42.127,41.548,40.968,41.093,41.218,40.956,40.693,41.241,41.787,42.240,42.691,41.855,41.013,40.968,40.922,40.808,40.693,40.292,39.889,40.395,40.899,42.149,43.386,44.112,44.832,43.967,43.095,42.172,41.241,40.349,39.450,39.450,39.450,39.601,39.751,40.487,41.218,42.240,43.252,44.112,44.965,45.527,46.086,47.154,48.213,48.245,48.278,47.512,46.741,44.976,43.185,41.946,40.693,40.200,39.705,39.601,39.497,39.728,39.958,39.924,39.889,39.762,39.635,39.612,39.589,39.485,39.381,39.497
,45.856,44.139,42.398,41.310,40.211,39.849,39.485,39.097,38.708,37.960,37.208,36.847,36.486,36.254,36.022,35.915,35.807,34.950,34.087,33.655,33.222,33.008,32.794,32.604,32.413,33.290,34.159,35.311,36.450,37.025,37.596,38.317,39.033,38.900,38.766,38.288,37.808,37.543,37.279,37.614,37.949,39.207,40.453,40.705,40.956,41.310,41.662,42.008,42.353,42.177,42.002,41.713,41.423,40.962,40.498,39.474,38.440,38.124,37.808,37.784,37.761,37.949,38.136,37.837,37.538,38.054,38.568,38.725,38.882,38.580,38.276,37.755,37.231,37.102,36.972,37.679,38.381,38.929,39.474,39.254,39.033,39.207,39.381,39.630,39.878,39.918,39.958,40.188,40.418,39.889,39.358,39.138,38.917,38.556,38.194,38.019,37.843,38.071,38.300,38.655,39.010,38.888,38.766,38.655,38.545,38.545,38.545,38.574,38.603,38.335,38.066,37.784,37.502,37.726,37.949,38.095,38.241,38.533,38.824,39.062,39.300,39.485,39.670,40.033,40.395,41.036,41.673,41.537,41.401,41.639,41.878,41.917,41.957,41.781,41.605,41.104,40.602,40.544,40.487,40.905,41.321,41.104,40.888,40.916,40.945,40.933,40.922,40.750,40.579,40.470,40.361,40.309,40.257,41.270,42.274,42.612,42.949,42.685,42.420,42.443,42.465,43.543,44.611,45.455,46.294,45.274,44.245,44.011,43.777,43.235,42.691,42.482,42.274,42.149,42.025,41.025,40.016,38.987,37.949,37.884,37.820,38.071,38.323,37.990,37.655,38.101,38.545,39.635,40.716,41.065,41.412,40.916,40.418,40.062,39.705,39.618,39.531,39.924,40.315,40.050,39.785,39.004,38.218,38.655,39.091,39.837,40.579,40.613,40.647,40.516,40.384,40.338,40.292,40.750,41.207,40.870,40.533,40.602,40.670,41.605,42.533,42.268,42.002,41.617,41.230,41.384,41.537,41.866,42.194,42.477,42.758,42.977,43.196,42.960,42.724,42.826,42.927,42.871,42.814,42.110,41.401,41.736,42.070,42.127,42.183,41.548,40.910,40.910,40.910,40.853,40.796,40.211,39.624,40.131,40.636,42.059,43.465,44.011,44.556,43.794,43.028,41.934,40.830,40.091,39.346,39.578,39.809,39.935,40.062,40.716,41.367,42.200,43.028,43.330,43.632,44.050,44.467,45.125,45.780,46.349,46.915,46.747,46.578,45.120,43.644,42.330,41.002,40.430,39.855,39.664,39.474,39.595,39.716,39.716,39.716,39.641,39.566,39.607,39.647,39.572,39.497,39.785
,46.480,44.522,42.533,41.548,40.556,40.395,40.234,39.774,39.312,38.276,37.231,37.172,37.113,36.901,36.688,36.403,36.117,35.269,34.414,33.953,33.491,33.186,32.880,32.708,32.536,33.406,34.268,35.449,36.617,37.302,37.984,38.684,39.381,39.439,39.497,38.905,38.311,37.984,37.655,38.077,38.498,40.119,41.719,42.228,42.736,42.769,42.803,42.736,42.668,42.556,42.443,42.149,41.855,41.310,40.762,39.843,38.917,38.871,38.824,38.743,38.661,38.440,38.218,37.784,37.349,38.054,38.754,38.998,39.242,39.033,38.824,38.498,38.171,37.843,37.514,38.183,38.847,39.450,40.050,39.716,39.381,39.520,39.658,39.935,40.211,40.441,40.670,40.922,41.173,40.487,39.797,39.589,39.381,38.871,38.358,38.311,38.264,38.486,38.708,39.126,39.543,39.393,39.242,39.068,38.894,38.789,38.684,38.917,39.149,38.638,38.124,37.866,37.608,37.690,37.773,38.089,38.405,38.859,39.312,39.439,39.566,39.878,40.188,40.533,40.876,41.742,42.601,42.477,42.353,42.522,42.691,42.364,42.036,41.787,41.537,41.173,40.808,40.968,41.127,41.469,41.810,41.275,40.739,40.682,40.624,40.544,40.464,40.269,40.073,40.085,40.096,40.119,40.142,41.139,42.127,42.544,42.960,42.183,41.401,41.310,41.218,42.499,43.766,44.932,46.086,45.241,44.389,43.576,42.758,42.149,41.537,41.685,41.832,42.330,42.826,41.742,40.647,39.369,38.077,37.890,37.702,38.019,38.335,37.808,37.279,37.491,37.702,38.463,39.219,39.427,39.635,39.578,39.520,39.172,38.824,38.859,38.894,39.022,39.149,39.033,38.917,38.545,38.171,38.638,39.103,39.624,40.142,40.119,40.096,40.016,39.935,39.739,39.543,39.658,39.774,39.751,39.728,40.430,41.127,41.639,42.149,41.617,41.082,40.727,40.372,40.487,40.602,41.162,41.719,42.104,42.488,42.916,43.342,43.330,43.319,44.089,44.854,44.622,44.389,43.252,42.104,42.228,42.353,42.013,41.673,41.241,40.808,40.853,40.899,40.899,40.899,40.131,39.358,39.866,40.372,41.968,43.543,43.911,44.278,43.621,42.960,41.696,40.418,39.832,39.242,39.705,40.165,40.269,40.372,40.945,41.514,42.161,42.803,42.544,42.285,42.556,42.826,43.061,43.297,44.423,45.538,45.977,46.414,45.263,44.100,42.713,41.310,40.659,40.004,39.728,39.450,39.462,39.474,39.508,39.543,39.520,39.497,39.601,39.705,39.658,39.612,40.073
,47.652,45.642,43.599,42.505,41.401,41.503,41.605,40.745,39.878,38.731,37.573,37.420,37.267,37.048,36.830,36.563,36.296,35.449,34.595,34.214,33.832,33.680,33.528,33.320,33.112,33.680,34.244,35.221,36.189,36.824,37.455,38.165,38.871,39.126,39.381,38.888,38.393,38.323,38.253,38.754,39.254,40.990,42.702,43.549,44.389,44.084,43.777,43.364,42.949,42.617,42.285,42.110,41.934,41.241,40.544,39.999,39.450,39.404,39.358,39.462,39.566,39.427,39.288,38.673,38.054,38.690,39.323,39.474,39.624,39.404,39.184,38.905,38.626,38.428,38.229,38.667,39.103,40.062,41.013,40.825,40.636,40.401,40.165,40.252,40.338,40.676,41.013,41.201,41.389,40.745,40.096,39.947,39.797,39.172,38.545,38.475,38.405,38.457,38.510,38.905,39.300,39.248,39.196,39.230,39.265,39.172,39.080,39.705,40.326,39.906,39.485,38.946,38.405,38.177,37.949,38.253,38.556,38.766,38.975,39.074,39.172,39.265,39.358,39.555,39.751,40.722,41.685,41.996,42.307,42.595,42.882,42.719,42.556,42.516,42.477,42.093,41.707,41.934,42.161,41.895,41.628,41.104,40.579,40.544,40.510,40.430,40.349,40.119,39.889,39.924,39.958,39.947,39.935,40.785,41.628,42.036,42.443,41.713,40.979,40.825,40.670,41.583,42.488,43.526,44.556,44.023,43.487,42.769,42.047,41.298,40.544,40.865,41.184,42.138,43.084,42.223,41.355,39.785,38.194,38.153,38.112,38.323,38.533,38.060,37.585,37.579,37.573,37.966,38.358,38.615,38.871,38.795,38.719,38.475,38.229,38.288,38.346,38.480,38.615,38.492,38.370,38.235,38.101,38.521,38.940,39.126,39.312,39.312,39.312,39.312,39.312,39.225,39.138,39.352,39.566,39.658,39.751,40.498,41.241,41.503,41.764,41.298,40.830,40.493,40.154,40.257,40.361,40.785,41.207,41.406,41.605,42.189,42.769,42.955,43.140,43.889,44.633,44.284,43.933,42.871,41.798,41.889,41.980,41.685,41.389,40.985,40.579,40.412,40.246,40.206,40.165,39.734,39.300,39.745,40.188,41.241,42.285,42.713,43.140,42.859,42.578,41.423,40.257,40.010,39.762,40.119,40.475,40.693,40.910,41.281,41.651,42.087,42.522,42.251,41.980,42.206,42.432,42.938,43.442,43.972,44.500,45.136,45.769,44.921,44.067,42.972,41.866,41.104,40.338,39.924,39.508,39.404,39.300,39.422,39.543,39.589,39.635,39.699,39.762,39.814,39.866,40.257
,48.814,46.752,44.655,43.454,42.240,42.601,42.960,41.707,40.441,39.184,37.913,37.667,37.420,37.196,36.972,36.723,36.474,35.628,34.776,34.474,34.172,34.172,34.172,33.929,33.686,33.953,34.220,34.992,35.760,36.344,36.924,37.643,38.358,38.812,39.265,38.871,38.475,38.661,38.847,39.427,40.004,41.855,43.677,44.854,46.021,45.384,44.744,43.989,43.230,42.679,42.127,42.070,42.013,41.173,40.326,40.154,39.981,39.935,39.889,40.177,40.464,40.407,40.349,39.555,38.754,39.323,39.889,39.947,40.004,39.774,39.543,39.312,39.080,39.010,38.940,39.149,39.358,40.670,41.968,41.923,41.878,41.275,40.670,40.567,40.464,40.910,41.355,41.480,41.605,41.002,40.395,40.303,40.211,39.474,38.731,38.638,38.545,38.428,38.311,38.684,39.056,39.103,39.149,39.393,39.635,39.555,39.474,40.487,41.492,41.162,40.830,40.016,39.196,38.661,38.124,38.416,38.708,38.673,38.638,38.708,38.778,38.650,38.521,38.568,38.615,39.693,40.762,41.514,42.262,42.668,43.073,43.073,43.073,43.241,43.409,43.005,42.601,42.893,43.185,42.319,41.446,40.933,40.418,40.407,40.395,40.315,40.234,39.970,39.705,39.762,39.820,39.774,39.728,40.430,41.127,41.526,41.923,41.241,40.556,40.338,40.119,40.659,41.196,42.104,43.005,42.792,42.578,41.957,41.332,40.441,39.543,40.039,40.533,41.946,43.342,42.702,42.059,40.200,38.311,38.416,38.521,38.626,38.731,38.311,37.890,37.667,37.443,37.467,37.491,37.796,38.101,38.007,37.913,37.773,37.632,37.714,37.796,37.937,38.077,37.949,37.820,37.925,38.031,38.405,38.778,38.626,38.475,38.498,38.521,38.603,38.684,38.708,38.731,39.045,39.358,39.566,39.774,40.567,41.355,41.367,41.378,40.979,40.579,40.257,39.935,40.027,40.119,40.407,40.693,40.705,40.716,41.458,42.194,42.578,42.960,43.688,44.411,43.945,43.476,42.488,41.492,41.548,41.605,41.355,41.104,40.727,40.349,39.970,39.589,39.508,39.427,39.335,39.242,39.624,40.004,40.510,41.013,41.503,41.991,42.093,42.194,41.150,40.096,40.188,40.280,40.533,40.785,41.116,41.446,41.617,41.787,42.013,42.240,41.957,41.673,41.855,42.036,42.814,43.588,43.521,43.454,44.289,45.120,44.578,44.034,43.230,42.420,41.548,40.670,40.119,39.566,39.346,39.126,39.335,39.543,39.658,39.774,39.797,39.820,39.970,40.119,40.441
,49.092,47.111,45.097,44.184,43.263,43.358,43.454,42.183,40.899,39.803,38.696,38.346,37.995,37.608,37.220,36.877,36.534,35.724,34.908,34.842,34.776,35.083,35.389,34.938,34.486,34.335,34.184,34.854,35.520,36.106,36.688,37.326,37.960,38.165,38.370,38.445,38.521,38.993,39.462,39.866,40.269,41.940,43.588,44.677,45.758,45.125,44.489,43.549,42.601,42.296,41.991,42.115,42.240,41.344,40.441,40.142,39.843,40.137,40.430,41.053,41.673,41.690,41.707,40.779,39.843,40.108,40.372,40.200,40.027,39.676,39.323,39.248,39.172,39.016,38.859,39.167,39.474,40.727,41.968,42.064,42.161,41.827,41.492,41.053,40.613,41.002,41.389,41.520,41.651,41.087,40.521,40.596,40.670,40.114,39.555,39.236,38.917,38.778,38.638,39.068,39.497,40.188,40.876,40.756,40.636,40.550,40.464,41.247,42.025,41.832,41.639,41.281,40.922,40.487,40.050,40.263,40.475,39.762,39.045,38.923,38.801,38.795,38.789,38.795,38.801,39.398,39.993,40.412,40.830,41.230,41.628,41.855,42.081,42.572,43.061,43.134,43.207,43.302,43.398,42.381,41.355,40.750,40.142,40.045,39.947,40.085,40.223,39.832,39.439,39.306,39.172,39.259,39.346,39.883,40.418,40.573,40.727,40.516,40.303,40.367,40.430,40.802,41.173,41.724,42.274,42.081,41.889,41.310,40.727,39.906,39.080,39.531,39.981,41.104,42.217,41.656,41.093,39.762,38.416,38.288,38.159,38.387,38.615,38.288,37.960,37.696,37.432,37.461,37.491,37.708,37.925,37.784,37.643,37.591,37.538,37.485,37.432,37.561,37.690,37.720,37.749,37.837,37.925,38.264,38.603,38.515,38.428,38.410,38.393,38.364,38.335,38.428,38.521,38.946,39.369,39.878,40.384,41.008,41.628,41.344,41.059,40.676,40.292,40.298,40.303,40.223,40.142,40.211,40.280,40.275,40.269,40.893,41.514,42.189,42.859,43.235,43.610,43.162,42.713,42.002,41.287,41.520,41.753,41.571,41.389,40.813,40.234,39.745,39.254,39.225,39.196,39.138,39.080,39.387,39.693,40.010,40.326,40.722,41.116,41.293,41.469,40.659,39.843,40.027,40.211,40.596,40.979,41.156,41.332,41.566,41.798,41.980,42.161,41.946,41.730,42.257,42.781,43.235,43.688,43.314,42.938,43.526,44.112,43.783,43.454,42.904,42.353,41.759,41.162,40.584,40.004,39.791,39.578,39.670,39.762,39.860,39.958,39.947,39.935,40.085,40.234,40.470
,49.369,47.468,45.538,44.910,44.278,44.112,43.945,42.657,41.355,40.418,39.474,39.022,38.568,38.019,37.467,37.031,36.593,35.819,35.041,35.209,35.377,35.986,36.593,35.939,35.281,34.715,34.147,34.715,35.281,35.867,36.450,37.007,37.561,37.514,37.467,38.019,38.568,39.323,40.073,40.303,40.533,42.025,43.498,44.500,45.494,44.866,44.234,43.106,41.968,41.912,41.855,42.161,42.465,41.514,40.556,40.131,39.705,40.338,40.968,41.923,42.871,42.960,43.050,41.991,40.922,40.888,40.853,40.453,40.050,39.578,39.103,39.184,39.265,39.022,38.778,39.184,39.589,40.785,41.968,42.206,42.443,42.375,42.307,41.537,40.762,41.093,41.423,41.560,41.696,41.173,40.647,40.888,41.127,40.750,40.372,39.832,39.288,39.126,38.964,39.450,39.935,41.264,42.578,42.104,41.628,41.537,41.446,42.002,42.556,42.499,42.443,42.533,42.623,42.285,41.946,42.081,42.217,40.842,39.450,39.138,38.824,38.940,39.056,39.022,38.987,39.103,39.219,39.300,39.381,39.774,40.165,40.624,41.082,41.900,42.713,43.263,43.811,43.710,43.610,42.443,41.264,40.567,39.866,39.682,39.497,39.855,40.211,39.693,39.172,38.847,38.521,38.743,38.964,39.335,39.705,39.612,39.520,39.785,40.050,40.395,40.739,40.945,41.150,41.344,41.537,41.367,41.196,40.659,40.119,39.369,38.615,39.022,39.427,40.257,41.082,40.602,40.119,39.323,38.521,38.159,37.796,38.148,38.498,38.264,38.031,37.726,37.420,37.455,37.491,37.620,37.749,37.561,37.373,37.408,37.443,37.255,37.066,37.184,37.302,37.491,37.679,37.749,37.820,38.124,38.428,38.405,38.381,38.323,38.264,38.124,37.984,38.148,38.311,38.847,39.381,40.188,40.990,41.446,41.900,41.321,40.739,40.372,40.004,40.338,40.670,40.418,40.165,40.016,39.866,39.843,39.820,40.326,40.830,41.798,42.758,42.781,42.803,42.375,41.946,41.514,41.082,41.492,41.900,41.787,41.673,40.899,40.119,39.520,38.917,38.940,38.964,38.940,38.917,39.149,39.381,39.508,39.635,39.935,40.234,40.487,40.739,40.165,39.589,39.866,40.142,40.659,41.173,41.196,41.218,41.514,41.810,41.946,42.081,41.934,41.787,42.657,43.521,43.655,43.789,43.106,42.420,42.758,43.095,42.983,42.871,42.578,42.285,41.968,41.651,41.047,40.441,40.234,40.027,40.004,39.981,40.062,40.142,40.096,40.050,40.200,40.349,40.498
,48.964,47.279,45.571,45.097,44.622,43.961,43.297,42.200,41.093,40.498,39.901,39.422,38.940,38.416,37.890,37.337,36.782,36.123,35.461,35.915,36.367,36.901,37.432,36.563,35.688,35.173,34.655,35.347,36.034,36.640,37.243,37.608,37.972,37.890,37.808,38.247,38.684,39.491,40.292,40.504,40.716,42.110,43.487,44.334,45.175,44.434,43.688,42.736,41.776,41.991,42.206,42.482,42.758,41.622,40.475,39.964,39.450,40.246,41.036,42.047,43.050,43.325,43.599,42.364,41.116,40.785,40.453,39.970,39.485,39.283,39.080,39.300,39.520,39.393,39.265,39.560,39.855,40.733,41.605,41.968,42.330,42.183,42.036,41.458,40.876,40.979,41.082,41.196,41.310,41.395,41.480,41.600,41.719,41.315,40.910,40.194,39.474,39.555,39.635,40.487,41.332,42.482,43.621,42.983,42.341,42.149,41.957,42.324,42.691,42.809,42.927,43.162,43.398,43.230,43.061,43.106,43.151,41.793,40.418,39.987,39.555,39.832,40.108,40.498,40.888,40.367,39.843,39.872,39.901,40.361,40.819,41.127,41.435,42.008,42.578,42.330,42.081,42.104,42.127,41.344,40.556,40.275,39.993,39.612,39.230,39.456,39.682,39.103,38.521,38.229,37.937,37.708,37.479,37.749,38.019,38.259,38.498,38.964,39.427,39.820,40.211,40.602,40.990,41.253,41.514,41.281,41.047,40.332,39.612,38.905,38.194,38.469,38.743,39.393,40.039,39.687,39.335,38.754,38.171,37.861,37.549,37.784,38.019,37.919,37.820,37.614,37.408,37.390,37.373,37.543,37.714,37.579,37.443,37.467,37.491,37.337,37.184,37.190,37.196,37.349,37.502,37.649,37.796,38.089,38.381,38.300,38.218,38.183,38.148,38.060,37.972,38.253,38.533,39.062,39.589,40.137,40.682,41.013,41.344,40.979,40.613,40.263,39.912,40.498,41.082,40.962,40.842,40.481,40.119,40.096,40.073,40.263,40.453,41.156,41.855,41.719,41.583,41.418,41.253,41.412,41.571,42.313,43.050,42.556,42.059,41.002,39.935,39.329,38.719,38.673,38.626,38.783,38.940,39.068,39.196,39.248,39.300,39.572,39.843,40.056,40.269,39.924,39.578,39.705,39.832,40.234,40.636,40.539,40.441,40.739,41.036,41.110,41.184,41.281,41.378,42.657,43.922,43.984,44.045,43.061,42.070,42.251,42.432,42.274,42.115,42.098,42.081,42.228,42.375,41.866,41.355,40.990,40.624,40.584,40.544,40.481,40.418,40.188,39.958,40.010,40.062,40.257
,48.557,47.089,45.604,45.285,44.965,43.811,42.646,41.742,40.830,40.579,40.326,39.820,39.312,38.812,38.311,37.643,36.972,36.427,35.879,36.617,37.349,37.808,38.264,37.184,36.094,35.628,35.161,35.974,36.782,37.408,38.031,38.206,38.381,38.264,38.148,38.475,38.801,39.658,40.510,40.705,40.899,42.194,43.476,44.167,44.854,44.000,43.140,42.364,41.583,42.070,42.556,42.803,43.050,41.730,40.395,39.797,39.196,40.154,41.104,42.172,43.230,43.688,44.145,42.736,41.310,40.682,40.050,39.485,38.917,38.987,39.056,39.416,39.774,39.762,39.751,39.935,40.119,40.682,41.241,41.730,42.217,41.991,41.764,41.378,40.990,40.865,40.739,40.830,40.922,41.617,42.307,42.307,42.307,41.878,41.446,40.556,39.658,39.981,40.303,41.514,42.713,43.688,44.655,43.855,43.050,42.758,42.465,42.646,42.826,43.118,43.409,43.789,44.167,44.167,44.167,44.123,44.078,42.736,41.378,40.830,40.280,40.716,41.150,41.957,42.758,41.617,40.464,40.441,40.418,40.945,41.469,41.628,41.787,42.115,42.443,41.389,40.326,40.475,40.624,40.234,39.843,39.981,40.119,39.543,38.964,39.056,39.149,38.510,37.866,37.608,37.349,36.664,35.974,36.141,36.308,36.889,37.467,38.136,38.801,39.242,39.682,40.257,40.830,41.162,41.492,41.196,40.899,40.004,39.103,38.440,37.773,37.913,38.054,38.521,38.987,38.766,38.545,38.183,37.820,37.561,37.302,37.420,37.538,37.573,37.608,37.502,37.396,37.326,37.255,37.467,37.679,37.596,37.514,37.526,37.538,37.420,37.302,37.196,37.090,37.208,37.326,37.549,37.773,38.054,38.335,38.194,38.054,38.042,38.031,37.995,37.960,38.358,38.754,39.277,39.797,40.085,40.372,40.579,40.785,40.636,40.487,40.154,39.820,40.659,41.492,41.503,41.514,40.945,40.372,40.349,40.326,40.200,40.073,40.510,40.945,40.647,40.349,40.453,40.556,41.310,42.059,43.129,44.189,43.319,42.443,41.104,39.751,39.138,38.521,38.405,38.288,38.626,38.964,38.987,39.010,38.987,38.964,39.207,39.450,39.624,39.797,39.682,39.566,39.543,39.520,39.809,40.096,39.878,39.658,39.958,40.257,40.269,40.280,40.624,40.968,42.657,44.323,44.312,44.300,43.017,41.719,41.742,41.764,41.560,41.355,41.617,41.878,42.488,43.095,42.679,42.262,41.742,41.218,41.162,41.104,40.899,40.693,40.280,39.866,39.820,39.774,40.016
,48.750,47.387,46.010,45.472,44.932,43.649,42.353,41.673,40.990,40.733,40.475,40.027,39.578,39.138,38.696,38.013,37.326,36.901,36.474,37.190,37.902,38.171,38.440,37.461,36.474,36.427,36.379,37.013,37.643,38.112,38.580,38.812,39.045,38.638,38.229,38.428,38.626,39.445,40.257,40.859,41.458,42.843,44.212,44.578,44.943,44.034,43.118,42.358,41.594,42.494,43.386,43.409,43.431,42.494,41.548,40.876,40.200,41.002,41.798,42.177,42.556,42.578,42.601,41.617,40.624,40.119,39.612,39.317,39.022,39.503,39.981,40.470,40.956,40.996,41.036,40.624,40.211,40.487,40.762,41.463,42.161,41.787,41.412,41.019,40.624,40.790,40.956,41.395,41.832,42.353,42.871,42.663,42.454,42.087,41.719,41.030,40.338,40.533,40.727,41.923,43.106,43.727,44.345,43.588,42.826,42.612,42.398,42.741,43.084,43.588,44.089,44.689,45.285,45.631,45.977,45.637,45.296,44.112,42.916,42.634,42.353,42.533,42.713,42.814,42.916,42.228,41.537,41.645,41.753,41.980,42.206,43.022,43.833,44.123,44.411,43.118,41.810,41.781,41.753,41.742,41.730,41.344,40.956,40.177,39.393,39.323,39.254,38.638,38.019,37.685,37.349,36.628,35.903,35.873,35.843,36.379,36.913,37.514,38.112,38.539,38.964,39.780,40.590,40.693,40.796,40.768,40.739,39.878,39.010,38.375,37.737,37.767,37.796,38.036,38.276,38.224,38.171,37.890,37.608,37.355,37.102,37.226,37.349,37.438,37.526,37.496,37.467,37.449,37.432,37.496,37.561,37.438,37.314,37.373,37.432,37.414,37.396,37.355,37.314,37.243,37.172,37.432,37.690,37.843,37.995,37.949,37.902,37.931,37.960,38.066,38.171,38.533,38.894,39.306,39.716,39.780,39.843,40.056,40.269,40.154,40.039,39.924,39.809,40.636,41.458,41.429,41.401,40.882,40.361,40.275,40.188,40.160,40.131,40.470,40.808,40.435,40.062,40.280,40.498,41.367,42.228,43.179,44.123,43.370,42.612,41.207,39.785,38.975,38.159,37.960,37.761,38.001,38.241,38.469,38.696,38.754,38.812,39.097,39.381,39.514,39.647,39.560,39.474,39.468,39.462,39.624,39.785,39.607,39.427,39.664,39.901,39.820,39.739,40.027,40.315,41.588,42.848,42.932,43.017,42.268,41.514,41.492,41.469,41.156,40.842,41.236,41.628,42.443,43.252,43.112,42.972,42.471,41.968,41.747,41.526,41.224,40.922,40.430,39.935,39.855,39.774,39.947
,48.942,47.685,46.414,45.659,44.899,43.487,42.059,41.605,41.150,40.888,40.624,40.234,39.843,39.462,39.080,38.381,37.679,37.373,37.066,37.761,38.451,38.533,38.615,37.737,36.853,37.220,37.585,38.042,38.498,38.812,39.126,39.416,39.705,39.010,38.311,38.381,38.451,39.230,40.004,41.013,42.013,43.487,44.943,44.987,45.031,44.067,43.095,42.353,41.605,42.916,44.212,44.011,43.811,43.252,42.691,41.946,41.196,41.844,42.488,42.183,41.878,41.458,41.036,40.487,39.935,39.555,39.172,39.149,39.126,40.016,40.899,41.514,42.127,42.217,42.307,41.310,40.303,40.292,40.280,41.196,42.104,41.583,41.059,40.659,40.257,40.716,41.173,41.957,42.736,43.084,43.431,43.017,42.601,42.296,41.991,41.503,41.013,41.082,41.150,42.330,43.498,43.766,44.034,43.319,42.601,42.465,42.330,42.837,43.342,44.056,44.766,45.582,46.392,47.078,47.760,47.133,46.502,45.472,44.434,44.411,44.389,44.323,44.256,43.666,43.073,42.837,42.601,42.837,43.073,43.005,42.938,44.400,45.845,46.097,46.349,44.821,43.274,43.073,42.871,43.230,43.588,42.691,41.787,40.808,39.820,39.589,39.358,38.766,38.171,37.761,37.349,36.593,35.831,35.604,35.377,35.867,36.355,36.889,37.420,37.831,38.241,39.300,40.349,40.223,40.096,40.338,40.579,39.751,38.917,38.311,37.702,37.620,37.538,37.549,37.561,37.679,37.796,37.596,37.396,37.149,36.901,37.031,37.161,37.302,37.443,37.491,37.538,37.573,37.608,37.526,37.443,37.279,37.113,37.220,37.326,37.408,37.491,37.514,37.538,37.279,37.019,37.314,37.608,37.632,37.655,37.702,37.749,37.820,37.890,38.136,38.381,38.708,39.033,39.335,39.635,39.474,39.312,39.531,39.751,39.670,39.589,39.693,39.797,40.613,41.423,41.355,41.287,40.819,40.349,40.200,40.050,40.119,40.188,40.430,40.670,40.223,39.774,40.108,40.441,41.423,42.398,43.230,44.056,43.420,42.781,41.310,39.820,38.812,37.796,37.514,37.231,37.373,37.514,37.949,38.381,38.521,38.661,38.987,39.312,39.404,39.497,39.439,39.381,39.393,39.404,39.439,39.474,39.335,39.196,39.369,39.543,39.369,39.196,39.427,39.658,40.510,41.355,41.537,41.719,41.514,41.310,41.241,41.173,40.750,40.326,40.853,41.378,42.398,43.409,43.543,43.677,43.196,42.713,42.330,41.946,41.548,41.150,40.579,40.004,39.889,39.774,39.878
,49.646,48.482,47.306,46.327,45.340,44.134,42.916,42.505,42.093,41.440,40.785,40.521,40.257,39.849,39.439,38.754,38.066,37.978,37.890,38.580,39.265,38.905,38.545,37.837,37.125,37.638,38.148,38.615,39.080,39.184,39.288,39.450,39.612,38.964,38.311,38.270,38.229,39.103,39.970,41.310,42.634,43.967,45.285,45.197,45.108,44.023,42.927,42.386,41.844,43.017,44.178,44.345,44.511,44.212,43.911,43.168,42.420,42.589,42.758,42.228,41.696,41.315,40.933,40.240,39.543,39.155,38.766,39.115,39.462,40.739,42.002,43.061,44.112,43.878,43.644,42.375,41.093,40.750,40.407,41.070,41.730,41.577,41.423,41.076,40.727,41.401,42.070,43.095,44.112,43.900,43.688,43.050,42.409,42.240,42.070,41.929,41.787,41.770,41.753,42.432,43.106,43.050,42.994,42.533,42.070,42.364,42.657,43.168,43.677,44.467,45.252,45.960,46.665,47.512,48.353,47.274,46.185,45.378,44.567,45.070,45.571,45.323,45.075,44.123,43.162,43.442,43.722,43.989,44.256,44.167,44.078,44.583,45.086,45.554,46.021,45.285,44.545,44.689,44.832,45.147,45.461,44.456,43.442,42.544,41.639,40.802,39.958,39.341,38.719,38.200,37.679,37.137,36.593,36.332,36.070,36.260,36.450,36.871,37.290,37.591,37.890,38.469,39.045,38.876,38.708,39.004,39.300,38.882,38.463,38.165,37.866,37.567,37.267,37.137,37.007,37.113,37.220,37.102,36.983,36.966,36.948,37.102,37.255,37.284,37.314,37.496,37.679,37.837,37.995,37.720,37.443,37.220,36.995,37.108,37.220,37.320,37.420,37.467,37.514,37.367,37.220,37.426,37.632,37.673,37.714,37.820,37.925,37.972,38.019,38.177,38.335,38.440,38.545,38.842,39.138,39.097,39.056,39.144,39.230,39.219,39.207,39.404,39.601,40.298,40.990,41.190,41.389,40.722,40.050,39.981,39.912,40.378,40.842,41.013,41.184,40.699,40.211,40.441,40.670,41.287,41.900,42.708,43.509,42.775,42.036,40.750,39.450,38.580,37.702,37.438,37.172,37.320,37.467,37.919,38.370,38.539,38.708,39.045,39.381,39.364,39.346,39.242,39.138,39.178,39.219,39.416,39.612,39.456,39.300,39.647,39.993,39.791,39.589,39.479,39.369,39.947,40.521,40.745,40.968,40.796,40.624,40.659,40.693,40.470,40.246,40.579,40.910,41.940,42.960,43.381,43.800,43.549,43.297,42.708,42.115,41.571,41.025,40.584,40.142,40.085,40.027,40.027
,50.346,49.273,48.191,46.991,45.780,44.777,43.766,43.398,43.028,41.991,40.945,40.808,40.670,40.234,39.797,39.126,38.451,38.580,38.708,39.393,40.073,39.277,38.475,37.937,37.396,38.054,38.708,39.184,39.658,39.555,39.450,39.485,39.520,38.917,38.311,38.159,38.007,38.975,39.935,41.605,43.252,44.445,45.626,45.406,45.186,43.978,42.758,42.420,42.081,43.118,44.145,44.677,45.208,45.164,45.120,44.378,43.632,43.330,43.028,42.274,41.514,41.173,40.830,39.993,39.149,38.754,38.358,39.080,39.797,41.458,43.095,44.589,46.064,45.516,44.965,43.431,41.878,41.207,40.533,40.945,41.355,41.571,41.787,41.492,41.196,42.081,42.960,44.223,45.472,44.711,43.945,43.084,42.217,42.183,42.149,42.353,42.556,42.454,42.353,42.533,42.713,42.330,41.946,41.742,41.537,42.262,42.983,43.498,44.011,44.877,45.736,46.338,46.937,47.944,48.942,47.414,45.867,45.285,44.700,45.725,46.741,46.316,45.889,44.578,43.252,44.045,44.832,45.131,45.428,45.318,45.208,44.766,44.323,45.009,45.692,45.747,45.801,46.283,46.763,47.035,47.306,46.196,45.075,44.256,43.431,42.002,40.556,39.912,39.265,38.638,38.007,37.679,37.349,37.054,36.759,36.652,36.545,36.853,37.161,37.349,37.538,37.632,37.726,37.514,37.302,37.655,38.007,38.007,38.007,38.019,38.031,37.514,36.995,36.723,36.450,36.545,36.640,36.605,36.569,36.782,36.995,37.172,37.349,37.267,37.184,37.502,37.820,38.101,38.381,37.913,37.443,37.161,36.877,36.995,37.113,37.231,37.349,37.420,37.491,37.455,37.420,37.538,37.655,37.714,37.773,37.937,38.101,38.124,38.148,38.218,38.288,38.171,38.054,38.346,38.638,38.719,38.801,38.754,38.708,38.766,38.824,39.115,39.404,39.981,40.556,41.025,41.492,40.624,39.751,39.762,39.774,40.636,41.492,41.594,41.696,41.173,40.647,40.773,40.899,41.150,41.401,42.183,42.960,42.127,41.287,40.188,39.080,38.346,37.608,37.361,37.113,37.267,37.420,37.890,38.358,38.556,38.754,39.103,39.450,39.323,39.196,39.045,38.894,38.964,39.033,39.393,39.751,39.578,39.404,39.924,40.441,40.211,39.981,39.531,39.080,39.381,39.682,39.947,40.211,40.073,39.935,40.073,40.211,40.188,40.165,40.303,40.441,41.480,42.510,43.218,43.922,43.900,43.878,43.084,42.285,41.594,40.899,40.590,40.280,40.280,40.280,40.177
,51.021,49.933,48.835,47.857,46.872,46.004,45.131,44.334,43.532,42.448,41.355,41.184,41.013,40.630,40.246,39.699,39.149,39.497,39.843,40.154,40.464,39.555,38.638,38.364,38.089,38.690,39.288,39.734,40.177,40.102,40.027,39.953,39.878,39.491,39.103,39.097,39.091,40.223,41.344,42.938,44.511,45.323,46.130,45.499,44.866,43.917,42.960,42.572,42.183,42.989,43.789,44.323,44.854,44.661,44.467,43.694,42.916,42.584,42.251,41.957,41.662,41.270,40.876,40.033,39.184,38.894,38.603,39.248,39.889,41.389,42.871,44.705,46.512,46.283,46.054,44.860,43.655,42.595,41.526,41.963,42.398,42.567,42.736,42.240,41.742,41.929,42.115,42.843,43.565,43.342,43.118,42.290,41.458,41.281,41.104,41.247,41.389,41.702,42.013,42.415,42.814,42.550,42.285,42.510,42.736,43.454,44.167,44.350,44.533,44.511,44.489,44.788,45.086,46.190,47.284,46.032,44.766,45.494,46.218,47.550,48.867,47.766,46.654,45.208,43.744,44.517,45.285,45.466,45.648,45.417,45.186,44.572,43.956,44.854,45.747,46.250,46.752,47.160,47.566,47.100,46.632,46.037,45.439,44.189,42.927,41.827,40.716,40.338,39.958,39.294,38.626,38.445,38.264,37.872,37.479,37.538,37.596,37.913,38.229,38.364,38.498,38.270,38.042,37.473,36.901,37.249,37.596,37.667,37.737,37.690,37.643,37.184,36.723,36.468,36.213,36.231,36.248,36.094,35.939,36.260,36.581,36.818,37.054,37.125,37.196,37.620,38.042,38.031,38.019,37.538,37.054,36.865,36.676,36.830,36.983,37.167,37.349,37.249,37.149,37.231,37.314,37.473,37.632,37.755,37.878,38.089,38.300,38.212,38.124,38.042,37.960,37.761,37.561,37.802,38.042,38.212,38.381,38.405,38.428,38.457,38.486,38.772,39.056,39.635,40.211,40.624,41.036,40.234,39.427,39.543,39.658,40.865,42.059,42.290,42.522,41.759,40.990,41.184,41.378,41.116,40.853,41.087,41.321,40.659,39.993,39.312,38.626,38.054,37.479,37.355,37.231,37.396,37.561,37.995,38.428,38.650,38.871,39.219,39.566,39.503,39.439,39.317,39.196,39.167,39.138,39.503,39.866,39.826,39.785,40.321,40.853,40.710,40.567,39.976,39.381,39.716,40.050,40.165,40.280,40.137,39.993,40.096,40.200,40.125,40.050,40.102,40.154,41.019,41.878,42.747,43.610,43.761,43.911,43.005,42.093,41.520,40.945,40.699,40.453,40.372,40.292,40.177
,51.693,50.589,49.476,48.718,47.955,47.219,46.480,45.263,44.034,42.904,41.764,41.560,41.355,41.025,40.693,40.269,39.843,40.407,40.968,40.910,40.853,39.832,38.801,38.789,38.778,39.323,39.866,40.280,40.693,40.647,40.602,40.418,40.234,40.062,39.889,40.027,40.165,41.458,42.736,44.256,45.758,46.196,46.632,45.593,44.545,43.855,43.162,42.724,42.285,42.859,43.431,43.967,44.500,44.156,43.811,43.005,42.194,41.832,41.469,41.639,41.810,41.367,40.922,40.073,39.219,39.033,38.847,39.416,39.981,41.321,42.646,44.821,46.959,47.046,47.133,46.272,45.406,43.967,42.510,42.972,43.431,43.554,43.677,42.983,42.285,41.776,41.264,41.446,41.628,41.957,42.285,41.492,40.693,40.372,40.050,40.131,40.211,40.945,41.673,42.296,42.916,42.769,42.623,43.274,43.922,44.633,45.340,45.197,45.053,44.145,43.230,43.218,43.207,44.411,45.604,44.633,43.655,45.703,47.717,49.348,50.958,49.199,47.414,45.834,44.234,44.987,45.736,45.801,45.867,45.516,45.164,44.378,43.588,44.700,45.801,46.752,47.696,48.030,48.363,47.165,45.955,45.878,45.801,44.123,42.420,41.651,40.876,40.762,40.647,39.947,39.242,39.207,39.172,38.684,38.194,38.416,38.638,38.964,39.288,39.369,39.450,38.905,38.358,37.432,36.498,36.842,37.184,37.326,37.467,37.361,37.255,36.853,36.450,36.213,35.974,35.915,35.855,35.580,35.305,35.736,36.165,36.462,36.759,36.983,37.208,37.737,38.264,37.960,37.655,37.161,36.664,36.569,36.474,36.664,36.853,37.102,37.349,37.078,36.806,37.007,37.208,37.408,37.608,37.796,37.984,38.241,38.498,38.300,38.101,37.866,37.632,37.349,37.066,37.255,37.443,37.702,37.960,38.054,38.148,38.148,38.148,38.428,38.708,39.288,39.866,40.223,40.579,39.843,39.103,39.323,39.543,41.093,42.623,42.983,43.342,42.341,41.332,41.594,41.855,41.082,40.303,39.981,39.658,39.172,38.684,38.428,38.171,37.761,37.349,37.349,37.349,37.526,37.702,38.101,38.498,38.743,38.987,39.335,39.682,39.682,39.682,39.589,39.497,39.369,39.242,39.612,39.981,40.073,40.165,40.716,41.264,41.207,41.150,40.418,39.682,40.050,40.418,40.384,40.349,40.200,40.050,40.119,40.188,40.062,39.935,39.901,39.866,40.556,41.241,42.274,43.297,43.621,43.945,42.927,41.900,41.446,40.990,40.808,40.624,40.464,40.303,40.177
,51.944,50.927,49.901,49.257,48.610,47.884,47.154,45.878,44.589,43.476,42.353,42.161,41.968,41.645,41.321,41.184,41.047,41.480,41.912,41.594,41.275,40.607,39.935,39.883,39.832,40.004,40.177,40.699,41.218,41.497,41.776,41.764,41.753,41.923,42.093,42.420,42.747,43.800,44.843,45.741,46.632,46.736,46.839,45.878,44.910,44.350,43.789,43.498,43.207,43.515,43.822,43.906,43.989,43.588,43.185,42.279,41.367,41.116,40.865,41.087,41.310,40.796,40.280,40.033,39.785,39.901,40.016,40.085,40.154,41.287,42.409,44.511,46.578,46.518,46.458,46.070,45.681,44.689,43.688,44.139,44.589,44.561,44.533,43.325,42.104,41.412,40.716,40.933,41.150,41.531,41.912,41.401,40.888,40.882,40.876,40.131,39.381,39.878,40.372,41.332,42.285,42.736,43.185,43.917,44.644,45.378,46.108,45.659,45.208,43.850,42.477,42.972,43.465,44.655,45.834,45.246,44.655,46.687,48.685,49.758,50.821,49.353,47.868,46.327,44.766,44.926,45.086,45.609,46.130,45.823,45.516,44.832,44.145,44.877,45.604,46.409,47.208,47.181,47.154,46.179,45.197,45.241,45.285,43.945,42.589,41.804,41.013,40.670,40.326,39.860,39.393,39.358,39.323,38.940,38.556,38.876,39.196,39.676,40.154,40.079,40.004,39.751,39.497,38.515,37.526,37.443,37.361,37.438,37.514,37.320,37.125,36.818,36.510,36.332,36.153,36.028,35.903,35.586,35.269,35.514,35.760,35.986,36.213,36.474,36.735,37.167,37.596,37.273,36.948,36.652,36.355,36.338,36.320,36.480,36.640,36.776,36.913,36.705,36.498,36.699,36.901,37.196,37.491,37.855,38.218,38.428,38.638,38.323,38.007,37.714,37.420,37.125,36.830,36.960,37.090,37.326,37.561,37.667,37.773,37.825,37.878,38.118,38.358,38.923,39.485,39.774,40.062,39.416,38.766,39.027,39.288,40.435,41.571,41.872,42.172,41.349,40.521,40.750,40.979,40.349,39.716,39.352,38.987,38.609,38.229,37.943,37.655,37.420,37.184,37.214,37.243,37.561,37.878,38.276,38.673,38.946,39.219,39.456,39.693,39.762,39.832,39.849,39.866,39.716,39.566,39.987,40.407,40.464,40.521,40.996,41.469,41.196,40.922,40.470,40.016,40.453,40.888,40.939,40.990,40.842,40.693,40.584,40.475,40.229,39.981,39.855,39.728,40.303,40.876,41.713,42.544,42.944,43.342,42.510,41.673,41.287,40.899,40.779,40.659,40.326,39.993,39.947
,52.195,51.263,50.325,49.795,49.263,48.546,47.825,46.491,45.142,44.045,42.938,42.758,42.578,42.262,41.946,42.093,42.240,42.544,42.848,42.274,41.696,41.378,41.059,40.968,40.876,40.682,40.487,41.116,41.742,42.341,42.938,43.095,43.252,43.755,44.256,44.766,45.274,46.097,46.915,47.208,47.501,47.274,47.046,46.163,45.274,44.843,44.411,44.267,44.123,44.167,44.212,43.844,43.476,43.017,42.556,41.548,40.533,40.395,40.257,40.533,40.808,40.223,39.635,39.993,40.349,40.762,41.173,40.750,40.326,41.253,42.172,44.201,46.196,45.988,45.780,45.867,45.955,45.406,44.854,45.296,45.736,45.560,45.384,43.666,41.923,41.047,40.165,40.418,40.670,41.104,41.537,41.310,41.082,41.389,41.696,40.131,38.545,38.801,39.056,40.361,41.651,42.702,43.744,44.556,45.362,46.119,46.872,46.119,45.362,43.554,41.719,42.724,43.722,44.899,46.064,45.856,45.648,47.663,49.646,50.166,50.684,49.508,48.320,46.817,45.296,44.866,44.434,45.417,46.392,46.130,45.867,45.285,44.700,45.053,45.406,46.064,46.719,46.327,45.933,45.186,44.434,44.600,44.766,43.766,42.758,41.957,41.150,40.579,40.004,39.774,39.543,39.508,39.474,39.196,38.917,39.335,39.751,40.384,41.013,40.785,40.556,40.590,40.624,39.589,38.545,38.042,37.538,37.549,37.561,37.279,36.995,36.782,36.569,36.450,36.332,36.141,35.951,35.592,35.233,35.293,35.353,35.508,35.664,35.963,36.260,36.593,36.924,36.581,36.236,36.141,36.046,36.106,36.165,36.296,36.427,36.450,36.474,36.332,36.189,36.391,36.593,36.983,37.373,37.913,38.451,38.615,38.778,38.346,37.913,37.561,37.208,36.901,36.593,36.664,36.735,36.948,37.161,37.279,37.396,37.502,37.608,37.808,38.007,38.556,39.103,39.323,39.543,38.987,38.428,38.731,39.033,39.774,40.510,40.750,40.990,40.349,39.705,39.901,40.096,39.612,39.126,38.719,38.311,38.042,37.773,37.455,37.137,37.078,37.019,37.078,37.137,37.596,38.054,38.451,38.847,39.149,39.450,39.578,39.705,39.843,39.981,40.108,40.234,40.062,39.889,40.361,40.830,40.853,40.876,41.275,41.673,41.184,40.693,40.521,40.349,40.853,41.355,41.492,41.628,41.480,41.332,41.047,40.762,40.395,40.027,39.809,39.589,40.050,40.510,41.150,41.787,42.262,42.736,42.093,41.446,41.127,40.808,40.750,40.693,40.188,39.682,39.716
,52.215,51.484,50.748,50.251,49.753,49.113,48.471,47.225,45.966,44.871,43.766,43.470,43.174,43.101,43.028,43.482,43.933,43.867,43.800,43.146,42.488,42.454,42.420,42.302,42.183,41.957,41.730,42.482,43.230,44.056,44.877,44.982,45.086,45.483,45.878,46.163,46.447,46.823,47.198,47.490,47.782,47.625,47.468,46.562,45.648,45.164,44.677,44.461,44.245,44.350,44.456,44.128,43.800,43.168,42.533,41.514,40.487,40.125,39.762,40.326,40.888,40.956,41.025,42.030,43.028,43.218,43.409,42.685,41.957,42.663,43.364,44.134,44.899,44.267,43.632,44.023,44.411,44.339,44.267,44.910,45.549,45.752,45.955,43.906,41.821,40.968,40.108,40.229,40.349,40.739,41.127,41.367,41.605,41.832,42.059,40.355,38.626,38.282,37.937,39.219,40.487,41.645,42.792,43.604,44.411,44.877,45.340,44.832,44.323,42.966,41.594,42.104,42.612,43.375,44.134,44.134,44.134,45.598,47.046,47.523,47.998,46.736,45.461,44.838,44.212,44.711,45.208,46.332,47.447,46.883,46.316,45.554,44.788,45.982,47.165,46.921,46.676,45.977,45.274,45.202,45.131,44.921,44.711,43.521,42.319,41.458,40.590,40.407,40.223,40.114,40.004,39.572,39.138,39.312,39.485,39.722,39.958,40.636,41.310,40.893,40.475,40.556,40.636,39.941,39.242,38.615,37.984,38.101,38.218,37.884,37.549,37.172,36.794,36.587,36.379,36.100,35.819,35.574,35.329,35.275,35.221,35.263,35.305,35.383,35.461,35.670,35.879,35.658,35.437,35.526,35.616,35.712,35.807,35.921,36.034,36.064,36.094,36.064,36.034,36.248,36.462,36.930,37.396,38.042,38.684,38.748,38.812,38.440,38.066,37.643,37.220,36.830,36.439,36.569,36.699,36.895,37.090,37.161,37.231,37.326,37.420,37.467,37.514,37.878,38.241,38.399,38.556,38.300,38.042,38.597,39.149,39.468,39.785,39.832,39.878,39.312,38.743,38.905,39.068,38.865,38.661,38.305,37.949,37.708,37.467,37.308,37.149,37.090,37.031,37.054,37.078,37.526,37.972,38.445,38.917,39.167,39.416,39.531,39.647,39.722,39.797,39.843,39.889,39.883,39.878,40.584,41.287,41.327,41.367,41.742,42.115,41.764,41.412,41.076,40.739,41.127,41.514,41.946,42.375,42.353,42.330,41.798,41.264,40.642,40.016,39.757,39.497,39.751,40.004,40.624,41.241,41.577,41.912,41.509,41.104,40.768,40.430,40.275,40.119,39.722,39.323,39.375
,52.236,51.704,51.169,50.705,50.241,49.678,49.113,47.955,46.785,45.692,44.589,44.178,43.766,43.933,44.100,44.854,45.604,45.175,44.744,44.011,43.274,43.521,43.766,43.621,43.476,43.218,42.960,43.833,44.700,45.747,46.785,46.839,46.894,47.187,47.479,47.544,47.609,47.544,47.479,47.771,48.062,47.976,47.890,46.959,46.021,45.483,44.943,44.655,44.367,44.533,44.700,44.411,44.123,43.319,42.510,41.480,40.441,39.855,39.265,40.119,40.968,41.685,42.398,44.034,45.648,45.626,45.604,44.589,43.565,44.056,44.545,44.067,43.588,42.522,41.446,42.149,42.848,43.263,43.677,44.522,45.362,45.944,46.523,44.145,41.719,40.888,40.050,40.039,40.027,40.372,40.716,41.423,42.127,42.274,42.420,40.579,38.708,37.761,36.806,38.066,39.312,40.579,41.832,42.646,43.454,43.621,43.789,43.532,43.274,42.375,41.469,41.480,41.492,41.832,42.172,42.386,42.601,43.498,44.389,44.821,45.252,43.900,42.533,42.826,43.118,44.556,45.977,47.241,48.492,47.631,46.763,45.823,44.877,46.904,48.900,47.771,46.632,45.626,44.611,45.219,45.823,45.241,44.655,43.274,41.878,40.956,40.027,40.234,40.441,40.453,40.464,39.635,38.801,39.427,40.050,40.108,40.165,40.888,41.605,41.002,40.395,40.521,40.647,40.292,39.935,39.184,38.428,38.650,38.871,38.486,38.101,37.561,37.019,36.723,36.427,36.058,35.688,35.556,35.425,35.257,35.089,35.017,34.944,34.800,34.655,34.740,34.824,34.728,34.631,34.908,35.185,35.317,35.449,35.544,35.640,35.676,35.712,35.795,35.879,36.106,36.332,36.877,37.420,38.171,38.917,38.882,38.847,38.533,38.218,37.726,37.231,36.759,36.284,36.474,36.664,36.842,37.019,37.043,37.066,37.149,37.231,37.125,37.019,37.196,37.373,37.467,37.561,37.608,37.655,38.463,39.265,39.161,39.056,38.905,38.754,38.264,37.773,37.902,38.031,38.112,38.194,37.890,37.585,37.373,37.161,37.161,37.161,37.102,37.043,37.031,37.019,37.455,37.890,38.440,38.987,39.184,39.381,39.485,39.589,39.601,39.612,39.578,39.543,39.705,39.866,40.808,41.742,41.798,41.855,42.206,42.556,42.341,42.127,41.628,41.127,41.401,41.673,42.398,43.118,43.218,43.319,42.544,41.764,40.888,40.004,39.705,39.404,39.450,39.497,40.096,40.693,40.888,41.082,40.922,40.762,40.407,40.050,39.797,39.543,39.254,38.964,39.033
,52.340,51.829,51.316,50.895,50.473,50.039,49.604,48.600,47.587,46.719,45.845,45.367,44.888,45.356,45.823,46.463,47.100,46.398,45.692,44.998,44.300,44.528,44.755,44.639,44.522,44.445,44.367,45.246,46.119,46.986,47.847,47.938,48.030,48.019,48.008,47.928,47.847,47.506,47.165,47.371,47.577,48.046,48.514,47.290,46.054,45.191,44.323,44.345,44.367,44.788,45.208,44.766,44.323,43.286,42.240,41.218,40.188,39.705,39.219,39.941,40.659,41.707,42.747,44.589,46.403,46.572,46.741,46.141,45.538,45.917,46.294,44.722,43.129,41.793,40.441,41.293,42.138,42.747,43.353,44.245,45.131,45.362,45.593,43.482,41.332,40.802,40.269,40.321,40.372,40.521,40.670,41.053,41.435,41.702,41.968,40.527,39.068,38.142,37.208,38.048,38.882,39.964,41.036,41.566,42.093,42.482,42.871,42.657,42.443,41.889,41.332,41.093,40.853,40.973,41.093,41.520,41.946,42.443,42.938,43.045,43.151,42.166,41.173,41.838,42.499,43.911,45.307,45.993,46.676,45.917,45.153,44.461,43.766,46.218,48.621,47.960,47.295,46.332,45.362,45.791,46.218,45.296,44.367,43.095,41.810,40.808,39.797,40.039,40.280,40.590,40.899,39.560,38.206,38.865,39.520,39.780,40.039,40.263,40.487,40.033,39.578,39.901,40.223,40.079,39.935,39.335,38.731,38.882,39.033,38.725,38.416,37.960,37.502,37.007,36.510,36.040,35.568,35.305,35.041,34.998,34.956,34.950,34.944,34.728,34.510,34.613,34.715,34.649,34.583,34.848,35.113,35.215,35.317,35.395,35.473,35.503,35.532,35.682,35.831,36.070,36.308,36.954,37.596,38.235,38.871,38.853,38.836,38.679,38.521,37.978,37.432,36.995,36.557,36.563,36.569,36.688,36.806,36.836,36.865,36.859,36.853,36.682,36.510,36.646,36.782,36.723,36.664,36.694,36.723,37.502,38.276,38.200,38.124,38.142,38.159,37.731,37.302,37.432,37.561,37.638,37.714,37.685,37.655,37.579,37.502,37.396,37.290,37.226,37.161,37.231,37.302,37.626,37.949,38.521,39.091,39.312,39.531,39.479,39.427,39.358,39.288,39.358,39.427,39.630,39.832,40.642,41.446,41.702,41.957,42.341,42.724,42.556,42.386,41.827,41.264,41.543,41.821,42.556,43.286,43.509,43.733,42.966,42.194,41.167,40.131,39.745,39.358,39.352,39.346,39.734,40.119,40.367,40.613,40.441,40.269,39.964,39.658,39.508,39.358,39.045,38.731,38.783
,52.445,51.955,51.463,51.085,50.705,50.399,50.092,49.241,48.385,47.739,47.089,46.545,45.999,46.763,47.523,48.051,48.578,47.609,46.632,45.977,45.318,45.527,45.736,45.648,45.560,45.659,45.758,46.643,47.523,48.213,48.900,49.028,49.156,48.846,48.535,48.310,48.084,47.468,46.850,46.970,47.089,48.116,49.135,47.620,46.086,44.899,43.699,44.034,44.367,45.042,45.714,45.120,44.522,43.252,41.968,40.956,39.935,39.555,39.172,39.762,40.349,41.730,43.095,45.142,47.154,47.512,47.868,47.674,47.479,47.750,48.019,45.373,42.668,41.059,39.427,40.430,41.423,42.228,43.028,43.967,44.899,44.777,44.655,42.814,40.945,40.716,40.487,40.602,40.716,40.670,40.624,40.682,40.739,41.127,41.514,40.475,39.427,38.521,37.608,38.031,38.451,39.346,40.234,40.475,40.716,41.332,41.946,41.776,41.605,41.401,41.196,40.705,40.211,40.108,40.004,40.647,41.287,41.378,41.469,41.241,41.013,40.407,39.797,40.842,41.878,43.263,44.633,44.733,44.832,44.178,43.521,43.084,42.646,45.527,48.342,48.148,47.955,47.035,46.108,46.360,46.611,45.351,44.078,42.916,41.742,40.659,39.566,39.843,40.119,40.727,41.332,39.485,37.608,38.300,38.987,39.450,39.912,39.635,39.358,39.056,38.754,39.277,39.797,39.866,39.935,39.485,39.033,39.115,39.196,38.964,38.731,38.358,37.984,37.290,36.593,36.022,35.449,35.053,34.655,34.740,34.824,34.884,34.944,34.655,34.365,34.486,34.607,34.571,34.534,34.788,35.041,35.113,35.185,35.245,35.305,35.329,35.353,35.568,35.784,36.034,36.284,37.031,37.773,38.300,38.824,38.824,38.824,38.824,38.824,38.229,37.632,37.231,36.830,36.652,36.474,36.534,36.593,36.628,36.664,36.569,36.474,36.236,35.998,36.094,36.189,35.974,35.760,35.772,35.784,36.534,37.279,37.231,37.184,37.373,37.561,37.196,36.830,36.960,37.090,37.161,37.231,37.479,37.726,37.784,37.843,37.632,37.420,37.349,37.279,37.432,37.585,37.796,38.007,38.603,39.196,39.439,39.682,39.474,39.265,39.115,38.964,39.138,39.312,39.555,39.797,40.475,41.150,41.605,42.059,42.477,42.893,42.769,42.646,42.025,41.401,41.685,41.968,42.713,43.454,43.800,44.145,43.386,42.623,41.446,40.257,39.785,39.312,39.254,39.196,39.369,39.543,39.843,40.142,39.958,39.774,39.520,39.265,39.219,39.172,38.836,38.498,38.533
,52.528,52.184,51.840,51.567,51.295,50.953,50.610,49.997,49.380,48.771,48.159,47.750,47.339,48.111,48.878,49.092,49.305,48.326,47.339,46.512,45.681,45.851,46.021,46.043,46.064,46.059,46.054,46.681,47.306,48.078,48.846,49.129,49.412,49.188,48.964,48.535,48.105,47.582,47.057,47.257,47.458,48.251,49.039,46.948,44.821,43.710,42.589,43.162,43.733,44.189,44.644,44.023,43.398,42.262,41.116,40.510,39.901,39.549,39.196,39.526,39.855,40.808,41.753,43.632,45.483,46.551,47.609,47.938,48.267,47.479,46.687,44.189,41.639,40.630,39.612,40.596,41.571,42.488,43.398,44.095,44.788,44.406,44.023,42.713,41.389,41.030,40.670,40.979,41.287,41.258,41.230,41.076,40.922,41.446,41.968,41.042,40.108,39.485,38.859,39.537,40.211,40.579,40.945,41.173,41.401,41.685,41.968,41.878,41.787,41.594,41.401,40.773,40.142,40.131,40.119,40.825,41.526,41.429,41.332,41.355,41.378,40.950,40.521,41.236,41.946,42.949,43.945,44.112,44.278,43.750,43.218,42.989,42.758,44.567,46.349,46.349,46.349,45.587,44.821,44.799,44.777,44.251,43.722,42.814,41.900,40.796,39.682,39.803,39.924,40.378,40.830,39.537,38.229,38.679,39.126,39.265,39.404,39.138,38.871,38.673,38.475,39.004,39.531,39.520,39.508,39.254,38.998,38.882,38.766,38.836,38.905,38.661,38.416,37.614,36.806,35.963,35.113,34.878,34.643,34.758,34.872,34.872,34.872,34.806,34.740,35.041,35.341,34.998,34.655,34.722,34.788,35.029,35.269,35.538,35.807,35.831,35.855,35.784,35.712,36.046,36.379,37.001,37.620,38.007,38.393,38.463,38.533,38.556,38.580,38.165,37.749,37.396,37.043,36.776,36.510,36.409,36.308,36.248,36.189,36.064,35.939,35.784,35.628,35.640,35.652,35.431,35.209,34.980,34.752,35.329,35.903,35.903,35.903,36.177,36.450,36.421,36.391,36.611,36.830,36.966,37.102,37.502,37.902,37.913,37.925,37.596,37.267,37.284,37.302,37.567,37.831,38.054,38.276,38.760,39.242,39.433,39.624,39.341,39.056,38.998,38.940,39.369,39.797,40.183,40.567,40.893,41.218,41.349,41.480,41.849,42.217,42.279,42.341,41.804,41.264,41.543,41.821,42.527,43.230,43.370,43.509,42.606,41.696,40.876,40.050,39.762,39.474,39.422,39.369,39.468,39.566,39.647,39.728,39.647,39.566,39.283,38.998,38.905,38.812,38.568,38.323,38.364
,52.611,52.413,52.215,52.048,51.881,51.505,51.127,50.748,50.367,49.795,49.220,48.942,48.664,49.444,50.219,50.124,50.029,49.039,48.041,47.046,46.043,46.174,46.305,46.436,46.567,46.458,46.349,46.719,47.089,47.944,48.793,49.231,49.668,49.529,49.391,48.760,48.127,47.696,47.263,47.544,47.825,48.385,48.942,46.272,43.543,42.510,41.469,42.285,43.095,43.330,43.565,42.916,42.262,41.264,40.257,40.062,39.866,39.543,39.219,39.288,39.358,39.878,40.395,42.104,43.789,45.582,47.349,48.202,49.049,47.208,45.340,42.994,40.602,40.200,39.797,40.762,41.719,42.747,43.766,44.223,44.677,44.034,43.386,42.612,41.832,41.344,40.853,41.355,41.855,41.844,41.832,41.469,41.104,41.764,42.420,41.605,40.785,40.441,40.096,41.025,41.946,41.798,41.651,41.866,42.081,42.036,41.991,41.980,41.968,41.787,41.605,40.842,40.073,40.154,40.234,41.002,41.764,41.480,41.196,41.469,41.742,41.492,41.241,41.628,42.013,42.634,43.252,43.487,43.722,43.319,42.916,42.893,42.871,43.599,44.323,44.522,44.722,44.123,43.521,43.218,42.916,43.140,43.364,42.713,42.059,40.933,39.797,39.762,39.728,40.027,40.326,39.589,38.847,39.056,39.265,39.080,38.894,38.638,38.381,38.288,38.194,38.731,39.265,39.172,39.080,39.022,38.964,38.650,38.335,38.708,39.080,38.964,38.847,37.937,37.019,35.903,34.776,34.703,34.631,34.776,34.920,34.860,34.800,34.956,35.113,35.592,36.070,35.425,34.776,34.655,34.534,34.944,35.353,35.831,36.308,36.332,36.355,35.998,35.640,36.058,36.474,36.972,37.467,37.714,37.960,38.101,38.241,38.288,38.335,38.101,37.866,37.561,37.255,36.901,36.545,36.284,36.022,35.867,35.712,35.556,35.401,35.329,35.257,35.185,35.113,34.884,34.655,34.184,33.710,34.111,34.510,34.559,34.607,34.968,35.329,35.640,35.951,36.260,36.569,36.771,36.972,37.526,38.077,38.042,38.007,37.561,37.113,37.220,37.326,37.702,38.077,38.311,38.545,38.917,39.288,39.427,39.566,39.207,38.847,38.882,38.917,39.601,40.280,40.808,41.332,41.310,41.287,41.093,40.899,41.218,41.537,41.787,42.036,41.583,41.127,41.401,41.673,42.341,43.005,42.938,42.871,41.821,40.762,40.303,39.843,39.739,39.635,39.589,39.543,39.566,39.589,39.450,39.312,39.335,39.358,39.045,38.731,38.591,38.451,38.300,38.148,38.194
,52.736,52.710,52.684,52.528,52.372,51.975,51.578,51.337,51.095,50.663,50.230,49.912,49.593,50.362,51.127,50.979,50.832,49.465,48.084,47.241,46.392,46.447,46.502,46.605,46.709,46.512,46.316,46.086,45.856,46.562,47.263,47.949,48.632,48.600,48.567,48.170,47.771,47.295,46.817,47.274,47.728,47.582,47.436,44.832,42.172,41.281,40.384,41.332,42.274,42.398,42.522,41.844,41.162,40.584,40.004,39.918,39.832,39.474,39.115,39.265,39.416,40.200,40.979,42.002,43.017,44.278,45.527,46.545,47.555,45.911,44.245,42.522,40.773,40.722,40.670,41.685,42.691,43.392,44.089,44.078,44.067,43.498,42.927,42.240,41.548,40.853,40.154,40.768,41.378,41.378,41.378,41.367,41.355,42.381,43.398,42.601,41.798,41.401,41.002,41.577,42.149,41.923,41.696,42.138,42.578,42.522,42.465,42.629,42.792,42.595,42.398,41.713,41.025,41.230,41.435,41.872,42.307,42.155,42.002,42.781,43.554,43.426,43.297,43.174,43.050,43.386,43.722,43.805,43.889,43.666,43.442,43.386,43.330,44.039,44.744,44.899,45.053,44.323,43.588,43.280,42.972,43.409,43.844,43.314,42.781,42.194,41.605,41.104,40.602,40.796,40.990,40.687,40.384,40.372,40.361,40.234,40.108,39.757,39.404,39.132,38.859,39.004,39.149,39.306,39.462,39.161,38.859,38.609,38.358,38.434,38.510,38.463,38.416,37.626,36.830,36.195,35.556,35.526,35.497,35.556,35.616,35.383,35.149,35.550,35.951,36.231,36.510,36.016,35.520,35.353,35.185,35.580,35.974,36.427,36.877,36.930,36.983,36.332,35.676,35.778,35.879,36.260,36.640,37.108,37.573,37.767,37.960,37.966,37.972,37.943,37.913,37.620,37.326,36.989,36.652,36.296,35.939,35.766,35.592,35.449,35.305,35.179,35.053,34.836,34.619,34.492,34.365,34.099,33.832,34.256,34.679,34.402,34.123,34.371,34.619,35.161,35.700,36.058,36.415,36.830,37.243,37.814,38.381,38.224,38.066,37.638,37.208,37.220,37.231,37.596,37.960,38.142,38.323,38.632,38.940,38.958,38.975,38.766,38.556,38.719,38.882,39.705,40.521,41.059,41.594,41.401,41.207,40.888,40.567,40.802,41.036,41.218,41.401,41.139,40.876,41.201,41.526,41.929,42.330,42.155,41.980,41.173,40.361,39.993,39.624,39.624,39.624,39.630,39.635,39.635,39.635,39.427,39.219,39.149,39.080,38.824,38.568,38.457,38.346,38.194,38.042,38.136
,52.860,53.005,53.150,53.005,52.860,52.445,52.028,51.923,51.819,51.526,51.232,50.874,50.515,51.274,52.028,51.829,51.630,49.891,48.127,47.436,46.741,46.719,46.698,46.774,46.850,46.567,46.283,45.450,44.611,45.164,45.714,46.654,47.587,47.663,47.739,47.577,47.414,46.894,46.371,47.002,47.631,46.774,45.911,43.375,40.785,40.039,39.288,40.372,41.446,41.458,41.469,40.762,40.050,39.901,39.751,39.774,39.797,39.404,39.010,39.242,39.474,40.521,41.560,41.900,42.240,42.960,43.677,44.866,46.043,44.600,43.140,42.047,40.945,41.241,41.537,42.601,43.655,44.034,44.411,43.933,43.454,42.960,42.465,41.866,41.264,40.361,39.450,40.177,40.899,40.910,40.922,41.264,41.605,42.994,44.367,43.588,42.803,42.353,41.900,42.127,42.353,42.047,41.742,42.409,43.073,43.005,42.938,43.274,43.610,43.398,43.185,42.578,41.968,42.296,42.623,42.736,42.848,42.826,42.803,44.078,45.340,45.329,45.318,44.700,44.078,44.134,44.189,44.123,44.056,44.011,43.967,43.878,43.789,44.478,45.164,45.274,45.384,44.522,43.655,43.342,43.028,43.677,44.323,43.911,43.498,43.442,43.386,42.432,41.469,41.560,41.651,41.776,41.900,41.673,41.446,41.378,41.310,40.865,40.418,39.970,39.520,39.277,39.033,39.439,39.843,39.300,38.754,38.568,38.381,38.159,37.937,37.960,37.984,37.314,36.640,36.486,36.332,36.344,36.355,36.332,36.308,35.903,35.497,36.141,36.782,36.865,36.948,36.605,36.260,36.046,35.831,36.213,36.593,37.019,37.443,37.526,37.608,36.664,35.712,35.497,35.281,35.544,35.807,36.498,37.184,37.432,37.679,37.643,37.608,37.784,37.960,37.679,37.396,37.078,36.759,36.308,35.855,35.664,35.473,35.341,35.209,35.029,34.848,34.486,34.123,34.099,34.075,34.014,33.953,34.402,34.848,34.244,33.637,33.771,33.905,34.679,35.449,35.855,36.260,36.889,37.514,38.101,38.684,38.405,38.124,37.714,37.302,37.220,37.137,37.491,37.843,37.972,38.101,38.346,38.591,38.486,38.381,38.323,38.264,38.556,38.847,39.809,40.762,41.310,41.855,41.492,41.127,40.682,40.234,40.384,40.533,40.647,40.762,40.693,40.624,41.002,41.378,41.514,41.651,41.367,41.082,40.521,39.958,39.682,39.404,39.508,39.612,39.670,39.728,39.705,39.682,39.404,39.126,38.964,38.801,38.603,38.405,38.323,38.241,38.089,37.937,38.077
,53.202,53.310,53.419,53.269,53.119,52.652,52.184,52.288,52.392,52.325,52.257,51.819,51.379,51.813,52.247,51.698,51.148,49.497,47.825,47.322,46.817,46.948,47.078,47.295,47.512,47.013,46.512,45.488,44.456,44.617,44.777,45.653,46.523,46.551,46.578,46.442,46.305,46.026,45.747,46.289,46.828,45.851,44.866,42.634,40.361,39.878,39.393,40.470,41.537,41.827,42.115,41.452,40.785,40.556,40.326,40.194,40.062,39.832,39.601,39.762,39.924,40.670,41.412,41.747,42.081,42.358,42.634,43.235,43.833,42.966,42.093,41.315,40.533,40.401,40.269,41.281,42.285,42.983,43.677,43.448,43.218,42.640,42.059,41.531,41.002,40.206,39.404,39.924,40.441,40.739,41.036,41.526,42.013,43.442,44.854,44.112,43.364,42.809,42.251,42.042,41.832,41.685,41.537,42.211,42.882,42.944,43.005,43.442,43.878,43.978,44.078,43.487,42.893,43.112,43.330,43.627,43.922,43.750,43.576,44.428,45.274,45.763,46.250,45.741,45.230,44.821,44.411,44.467,44.522,44.738,44.954,44.467,43.978,44.234,44.489,44.334,44.178,43.560,42.938,42.724,42.510,43.224,43.933,43.733,43.532,43.482,43.431,42.516,41.594,42.053,42.510,42.657,42.803,42.893,42.983,42.629,42.274,41.730,41.184,40.579,39.970,40.470,40.968,41.883,42.792,41.594,40.384,39.930,39.474,39.161,38.847,38.626,38.405,37.861,37.314,37.208,37.102,37.143,37.184,37.137,37.090,36.836,36.581,36.960,37.337,37.479,37.620,37.402,37.184,36.895,36.605,36.847,37.090,37.567,38.042,38.112,38.183,37.143,36.094,35.861,35.628,35.867,36.106,36.688,37.267,37.361,37.455,37.532,37.608,37.731,37.855,37.591,37.326,37.060,36.794,36.391,35.986,35.748,35.508,35.341,35.173,34.896,34.619,34.456,34.293,34.268,34.244,34.389,34.534,34.956,35.377,34.722,34.062,34.341,34.619,35.029,35.437,35.807,36.177,37.031,37.878,38.568,39.254,39.033,38.812,38.370,37.925,37.608,37.290,37.479,37.667,37.849,38.031,38.194,38.358,38.264,38.171,38.036,37.902,38.142,38.381,39.132,39.878,40.286,40.693,40.579,40.464,40.234,40.004,40.206,40.407,40.435,40.464,40.561,40.659,41.104,41.548,41.537,41.526,41.133,40.739,40.091,39.439,39.230,39.022,39.225,39.427,39.543,39.658,39.658,39.658,39.404,39.149,38.929,38.708,38.486,38.264,38.288,38.311,38.206,38.101,38.130
,53.543,53.615,53.687,53.533,53.378,52.860,52.340,52.652,52.964,53.119,53.274,52.756,52.236,52.351,52.465,51.567,50.663,49.103,47.523,47.208,46.894,47.176,47.458,47.814,48.170,47.458,46.741,45.527,44.300,44.067,43.833,44.644,45.450,45.428,45.406,45.296,45.186,45.153,45.120,45.571,46.021,44.921,43.811,41.889,39.935,39.716,39.497,40.567,41.628,42.194,42.758,42.138,41.514,41.207,40.899,40.613,40.326,40.257,40.188,40.280,40.372,40.819,41.264,41.594,41.923,41.753,41.583,41.583,41.583,41.310,41.036,40.579,40.119,39.555,38.987,39.947,40.899,41.923,42.938,42.960,42.983,42.319,41.651,41.196,40.739,40.050,39.358,39.670,39.981,40.567,41.150,41.787,42.420,43.889,45.340,44.633,43.922,43.263,42.601,41.957,41.310,41.321,41.332,42.013,42.691,42.882,43.073,43.610,44.145,44.556,44.965,44.389,43.811,43.922,44.034,44.511,44.987,44.666,44.345,44.777,45.208,46.196,47.176,46.774,46.371,45.505,44.633,44.810,44.987,45.461,45.933,45.053,44.167,43.989,43.811,43.386,42.960,42.589,42.217,42.104,41.991,42.769,43.543,43.554,43.565,43.521,43.476,42.601,41.719,42.544,43.364,43.532,43.699,44.100,44.500,43.867,43.230,42.589,41.946,41.184,40.418,41.651,42.871,44.278,45.670,43.844,41.991,41.275,40.556,40.154,39.751,39.288,38.824,38.405,37.984,37.925,37.866,37.937,38.007,37.937,37.866,37.761,37.655,37.773,37.890,38.089,38.288,38.194,38.101,37.737,37.373,37.479,37.585,38.112,38.638,38.696,38.754,37.620,36.474,36.225,35.974,36.189,36.403,36.877,37.349,37.290,37.231,37.420,37.608,37.679,37.749,37.502,37.255,37.043,36.830,36.474,36.117,35.831,35.544,35.341,35.137,34.764,34.389,34.426,34.462,34.438,34.414,34.764,35.113,35.508,35.903,35.197,34.486,34.908,35.329,35.377,35.425,35.760,36.094,37.172,38.241,39.033,39.820,39.658,39.497,39.022,38.545,37.995,37.443,37.467,37.491,37.726,37.960,38.042,38.124,38.042,37.960,37.749,37.538,37.726,37.913,38.451,38.987,39.254,39.520,39.658,39.797,39.785,39.774,40.027,40.280,40.223,40.165,40.430,40.693,41.207,41.719,41.560,41.401,40.899,40.395,39.658,38.917,38.778,38.638,38.940,39.242,39.416,39.589,39.612,39.635,39.404,39.172,38.894,38.615,38.370,38.124,38.253,38.381,38.323,38.264,38.183
,53.667,53.656,53.646,53.533,53.419,53.109,52.798,53.057,53.316,53.600,53.883,53.331,52.777,52.460,52.142,51.021,49.891,48.701,47.501,47.506,47.512,47.685,47.857,48.143,48.428,47.631,46.828,45.681,44.522,44.245,43.967,44.550,45.131,45.097,45.064,44.799,44.533,44.478,44.423,45.015,45.604,44.711,43.811,42.437,41.047,41.127,41.207,42.002,42.792,43.213,43.632,43.050,42.465,42.279,42.093,41.889,41.685,41.554,41.423,41.190,40.956,40.802,40.647,40.722,40.796,40.539,40.280,40.252,40.223,40.119,40.016,39.555,39.091,38.562,38.031,39.004,39.970,41.087,42.194,42.324,42.454,42.025,41.594,41.503,41.412,40.475,39.531,39.924,40.315,41.139,41.957,42.831,43.699,44.334,44.965,44.666,44.367,44.189,44.011,43.146,42.274,41.861,41.446,41.815,42.183,42.753,43.319,43.961,44.600,45.125,45.648,44.827,44.000,44.062,44.123,44.705,45.285,45.131,44.976,45.164,45.351,46.278,47.198,47.658,48.116,46.654,45.175,45.483,45.791,45.714,45.637,44.971,44.300,44.201,44.100,43.426,42.747,42.465,42.183,42.471,42.758,43.381,44.000,44.139,44.278,44.034,43.789,43.252,42.713,42.955,43.196,43.599,44.000,44.334,44.666,43.961,43.252,42.274,41.287,40.933,40.579,41.764,42.938,43.894,44.843,43.521,42.183,41.594,41.002,40.309,39.612,39.294,38.975,38.876,38.778,38.521,38.264,38.194,38.124,38.142,38.159,38.194,38.229,38.358,38.486,38.923,39.358,39.352,39.346,39.132,38.917,38.964,39.010,39.242,39.474,39.422,39.369,38.638,37.902,37.608,37.314,37.685,38.054,38.171,38.288,37.849,37.408,37.449,37.491,37.455,37.420,37.267,37.113,36.889,36.664,36.498,36.332,35.980,35.628,35.245,34.860,34.625,34.389,34.776,35.161,35.125,35.089,35.281,35.473,35.544,35.616,35.119,34.619,35.275,35.927,35.921,35.915,36.094,36.272,37.290,38.300,38.847,39.393,39.352,39.312,38.935,38.556,38.200,37.843,37.773,37.702,37.778,37.855,37.972,38.089,38.042,37.995,37.755,37.514,37.632,37.749,38.083,38.416,38.650,38.882,39.062,39.242,39.450,39.658,39.999,40.338,40.183,40.027,40.160,40.292,40.785,41.275,41.162,41.047,40.590,40.131,39.479,38.824,38.655,38.486,38.714,38.940,39.167,39.393,39.375,39.358,39.201,39.045,38.830,38.615,38.300,37.984,38.071,38.159,38.153,38.148,38.118
,53.790,53.698,53.605,53.533,53.460,53.357,53.254,53.460,53.667,54.078,54.489,53.904,53.316,52.569,51.819,50.473,49.113,48.299,47.479,47.804,48.127,48.191,48.256,48.471,48.685,47.804,46.915,45.834,44.744,44.423,44.100,44.456,44.810,44.766,44.722,44.300,43.878,43.800,43.722,44.456,45.186,44.500,43.811,42.983,42.149,42.522,42.893,43.420,43.945,44.223,44.500,43.956,43.409,43.342,43.274,43.151,43.028,42.837,42.646,42.093,41.537,40.785,40.027,39.843,39.658,39.312,38.964,38.905,38.847,38.917,38.987,38.521,38.054,37.561,37.066,38.054,39.033,40.246,41.446,41.685,41.923,41.730,41.537,41.810,42.081,40.899,39.705,40.177,40.647,41.707,42.758,43.867,44.965,44.777,44.589,44.700,44.810,45.108,45.406,44.323,43.230,42.398,41.560,41.617,41.673,42.623,43.565,44.312,45.053,45.692,46.327,45.263,44.189,44.201,44.212,44.899,45.582,45.593,45.604,45.549,45.494,46.360,47.219,48.535,49.838,47.793,45.714,46.152,46.589,45.966,45.340,44.888,44.434,44.411,44.389,43.465,42.533,42.341,42.149,42.837,43.521,43.989,44.456,44.722,44.987,44.545,44.100,43.900,43.699,43.364,43.028,43.666,44.300,44.567,44.832,44.056,43.274,41.957,40.624,40.682,40.739,41.878,43.005,43.509,44.011,43.196,42.375,41.912,41.446,40.464,39.474,39.300,39.126,39.346,39.566,39.115,38.661,38.451,38.241,38.346,38.451,38.626,38.801,38.940,39.080,39.751,40.418,40.498,40.579,40.510,40.441,40.430,40.418,40.361,40.303,40.142,39.981,39.647,39.312,38.975,38.638,39.161,39.682,39.450,39.219,38.405,37.585,37.479,37.373,37.231,37.090,37.031,36.972,36.735,36.498,36.522,36.545,36.129,35.712,35.149,34.583,34.486,34.389,35.125,35.855,35.807,35.760,35.795,35.831,35.580,35.329,35.041,34.752,35.640,36.522,36.462,36.403,36.427,36.450,37.408,38.358,38.661,38.964,39.045,39.126,38.847,38.568,38.405,38.241,38.077,37.913,37.831,37.749,37.902,38.054,38.042,38.031,37.761,37.491,37.538,37.585,37.714,37.843,38.042,38.241,38.463,38.684,39.115,39.543,39.970,40.395,40.142,39.889,39.889,39.889,40.361,40.830,40.762,40.693,40.280,39.866,39.300,38.731,38.533,38.335,38.486,38.638,38.917,39.196,39.138,39.080,38.998,38.917,38.766,38.615,38.229,37.843,37.890,37.937,37.984,38.031,38.054
,53.986,53.898,53.811,53.713,53.615,53.811,54.006,54.191,54.376,54.571,54.765,54.022,53.274,52.262,51.242,49.981,48.707,48.078,47.447,47.971,48.492,48.396,48.299,48.466,48.632,47.890,47.143,46.152,45.153,45.020,44.888,45.015,45.142,44.993,44.843,44.533,44.223,44.228,44.234,45.147,46.054,45.593,45.131,44.528,43.922,43.967,44.011,44.517,45.020,44.987,44.954,44.295,43.632,44.006,44.378,44.384,44.389,43.984,43.576,42.724,41.866,40.899,39.924,39.526,39.126,38.842,38.556,38.644,38.731,38.929,39.126,38.632,38.136,37.567,36.995,37.802,38.603,39.543,40.475,40.882,41.287,41.458,41.628,41.923,42.217,40.956,39.682,40.039,40.395,41.275,42.149,42.871,43.588,43.928,44.267,44.628,44.987,45.505,46.021,45.268,44.511,43.207,41.889,41.866,41.844,42.792,43.733,44.716,45.692,46.141,46.589,45.664,44.733,44.522,44.312,44.888,45.461,45.686,45.911,45.587,45.263,46.174,47.078,48.766,50.431,48.546,46.632,46.452,46.272,45.422,44.567,44.489,44.411,44.915,45.417,44.600,43.777,43.660,43.543,43.844,44.145,44.522,44.899,45.108,45.318,45.593,45.867,45.020,44.167,43.956,43.744,44.417,45.086,45.125,45.164,44.267,43.364,42.319,41.264,41.526,41.787,42.465,43.140,43.162,43.185,42.364,41.537,40.979,40.418,39.630,38.836,39.155,39.474,40.142,40.808,40.114,39.416,39.364,39.312,39.555,39.797,40.073,40.349,40.085,39.820,40.252,40.682,41.076,41.469,41.759,42.047,41.566,41.082,41.104,41.127,41.349,41.571,41.156,40.739,40.229,39.716,40.073,40.430,39.947,39.462,38.603,37.737,37.591,37.443,37.326,37.208,37.149,37.090,36.918,36.747,36.688,36.628,36.147,35.664,35.467,35.269,35.071,34.872,35.329,35.784,35.861,35.939,35.963,35.986,35.640,35.293,35.377,35.461,36.563,37.655,37.196,36.735,36.853,36.972,37.902,38.824,38.882,38.940,38.876,38.812,38.754,38.696,38.568,38.440,38.282,38.124,38.054,37.984,38.177,38.370,38.270,38.171,37.896,37.620,37.685,37.749,37.808,37.866,37.949,38.031,38.323,38.615,38.993,39.369,39.843,40.315,40.125,39.935,39.849,39.762,40.033,40.303,40.349,40.395,40.068,39.739,39.317,38.894,38.702,38.510,38.562,38.615,38.783,38.952,38.969,38.987,38.842,38.696,38.626,38.556,38.264,37.972,37.949,37.925,37.954,37.984,38.066
,54.181,54.099,54.017,53.893,53.770,54.263,54.755,54.918,55.082,55.061,55.041,54.140,53.233,51.955,50.663,49.487,48.299,47.857,47.414,48.138,48.857,48.600,48.342,48.460,48.578,47.976,47.371,46.469,45.560,45.615,45.670,45.571,45.472,45.219,44.965,44.766,44.567,44.655,44.744,45.834,46.915,46.676,46.436,46.054,45.670,45.395,45.120,45.604,46.086,45.747,45.406,44.633,43.855,44.666,45.472,45.604,45.736,45.120,44.500,43.353,42.194,41.013,39.820,39.207,38.591,38.370,38.148,38.381,38.615,38.940,39.265,38.743,38.218,37.573,36.924,37.549,38.171,38.836,39.497,40.073,40.647,41.184,41.719,42.036,42.353,41.013,39.658,39.901,40.142,40.842,41.537,41.866,42.194,43.073,43.945,44.556,45.164,45.900,46.632,46.207,45.780,44.011,42.217,42.115,42.013,42.960,43.900,45.120,46.327,46.589,46.850,46.064,45.274,44.843,44.411,44.877,45.340,45.780,46.218,45.626,45.031,45.988,46.937,48.996,51.021,49.295,47.544,46.752,45.955,44.877,43.789,44.089,44.389,45.417,46.436,45.725,45.009,44.965,44.921,44.843,44.766,45.053,45.340,45.494,45.648,46.632,47.609,46.130,44.633,44.545,44.456,45.164,45.867,45.681,45.494,44.478,43.454,42.679,41.900,42.364,42.826,43.050,43.274,42.814,42.353,41.526,40.693,40.039,39.381,38.789,38.194,39.010,39.820,40.933,42.036,41.104,40.165,40.269,40.372,40.750,41.127,41.503,41.878,41.218,40.556,40.750,40.945,41.651,42.353,42.994,43.632,42.691,41.742,41.844,41.946,42.544,43.140,42.646,42.149,41.469,40.785,40.979,41.173,40.441,39.705,38.801,37.890,37.702,37.514,37.420,37.326,37.267,37.208,37.102,36.995,36.853,36.711,36.165,35.616,35.784,35.951,35.652,35.353,35.532,35.712,35.915,36.117,36.129,36.141,35.700,35.257,35.712,36.165,37.479,38.778,37.925,37.066,37.279,37.491,38.393,39.288,39.103,38.917,38.708,38.498,38.661,38.824,38.731,38.638,38.486,38.335,38.276,38.218,38.451,38.684,38.498,38.311,38.031,37.749,37.831,37.913,37.902,37.890,37.855,37.820,38.183,38.545,38.871,39.196,39.716,40.234,40.108,39.981,39.809,39.635,39.705,39.774,39.935,40.096,39.855,39.612,39.335,39.056,38.871,38.684,38.638,38.591,38.650,38.708,38.801,38.894,38.684,38.475,38.486,38.498,38.300,38.101,38.007,37.913,37.925,37.937,38.077
,54.796,54.525,54.253,54.125,53.996,54.545,55.092,55.321,55.550,55.331,55.112,54.027,52.933,51.693,50.441,49.417,48.385,47.938,47.490,48.062,48.632,48.449,48.267,48.562,48.857,48.186,47.512,46.638,45.758,45.933,46.108,46.086,46.064,45.949,45.834,45.620,45.406,45.417,45.428,46.371,47.306,47.414,47.523,47.154,46.785,46.081,45.373,45.527,45.681,45.406,45.131,44.500,43.867,44.832,45.791,46.163,46.534,45.785,45.031,43.839,42.634,41.526,40.407,39.826,39.242,38.987,38.731,39.045,39.358,39.658,39.958,39.364,38.766,38.335,37.902,38.387,38.871,39.184,39.497,39.491,39.485,40.079,40.670,41.053,41.435,40.315,39.184,39.329,39.474,40.010,40.544,40.830,41.116,41.878,42.634,43.207,43.777,44.489,45.197,45.384,45.571,43.906,42.217,42.228,42.240,43.504,44.755,45.692,46.621,46.556,46.491,45.719,44.943,44.611,44.278,45.120,45.955,46.245,46.534,46.092,45.648,46.632,47.609,49.353,51.074,49.731,48.374,47.436,46.491,45.428,44.356,44.356,44.356,45.285,46.207,45.845,45.483,45.516,45.549,45.439,45.329,45.444,45.560,45.966,46.371,46.583,46.796,45.301,43.789,44.084,44.378,45.081,45.780,45.993,46.207,45.246,44.278,43.465,42.646,43.106,43.565,44.006,44.445,43.861,43.274,42.398,41.514,40.613,39.705,39.190,38.673,39.404,40.131,40.676,41.218,40.739,40.257,40.722,41.184,41.634,42.081,42.561,43.039,42.550,42.059,41.628,41.196,41.821,42.443,42.854,43.263,42.651,42.036,42.127,42.217,42.702,43.185,42.634,42.081,41.338,40.590,40.796,41.002,40.493,39.981,38.865,37.737,37.679,37.620,37.508,37.396,37.655,37.913,37.673,37.432,37.078,36.723,36.326,35.927,36.682,37.432,37.596,37.761,37.667,37.573,37.267,36.960,36.847,36.735,36.344,35.951,36.254,36.557,37.596,38.626,37.919,37.208,37.549,37.890,38.859,39.820,39.774,39.728,39.271,38.812,38.940,39.068,38.981,38.894,38.650,38.405,38.300,38.194,38.381,38.568,38.422,38.276,38.060,37.843,37.884,37.925,37.937,37.949,37.884,37.820,38.071,38.323,38.609,38.894,39.294,39.693,39.641,39.589,39.560,39.531,39.491,39.450,39.624,39.797,39.670,39.543,39.300,39.056,38.807,38.556,38.515,38.475,38.533,38.591,38.655,38.719,38.562,38.405,38.428,38.451,38.323,38.194,38.118,38.042,37.995,37.949,38.083
,55.407,54.949,54.489,54.355,54.222,54.826,55.428,55.722,56.016,55.601,55.183,53.914,52.632,51.431,50.219,49.348,48.471,48.019,47.566,47.987,48.406,48.299,48.191,48.664,49.135,48.396,47.652,46.807,45.955,46.250,46.545,46.600,46.654,46.676,46.698,46.469,46.239,46.174,46.108,46.904,47.696,48.148,48.600,48.245,47.890,46.763,45.626,45.450,45.274,45.064,44.854,44.367,43.878,44.998,46.108,46.719,47.328,46.447,45.560,44.323,43.073,42.036,40.990,40.441,39.889,39.601,39.312,39.705,40.096,40.372,40.647,39.981,39.312,39.091,38.871,39.219,39.566,39.531,39.497,38.905,38.311,38.964,39.612,40.062,40.510,39.612,38.708,38.754,38.801,39.172,39.543,39.785,40.027,40.670,41.310,41.844,42.375,43.061,43.744,44.556,45.362,43.800,42.217,42.341,42.465,44.045,45.604,46.261,46.915,46.523,46.130,45.373,44.611,44.378,44.145,45.362,46.567,46.709,46.850,46.556,46.261,47.274,48.278,49.710,51.127,50.166,49.199,48.116,47.024,45.977,44.921,44.622,44.323,45.153,45.977,45.966,45.955,46.064,46.174,46.032,45.889,45.834,45.780,46.436,47.089,46.534,45.977,44.467,42.938,43.621,44.300,44.998,45.692,46.305,46.915,46.010,45.097,44.245,43.386,43.844,44.300,44.954,45.604,44.899,44.189,43.263,42.330,41.184,40.027,39.589,39.149,39.797,40.441,40.418,40.395,40.372,40.349,41.173,41.991,42.510,43.028,43.610,44.189,43.867,43.543,42.499,41.446,41.991,42.533,42.713,42.893,42.612,42.330,42.409,42.488,42.859,43.230,42.623,42.013,41.207,40.395,40.613,40.830,40.544,40.257,38.929,37.585,37.655,37.726,37.596,37.467,38.042,38.615,38.241,37.866,37.302,36.735,36.486,36.236,37.573,38.894,39.508,40.119,39.762,39.404,38.603,37.796,37.561,37.326,36.983,36.640,36.794,36.948,37.714,38.475,37.913,37.349,37.820,38.288,39.323,40.349,40.441,40.533,39.832,39.126,39.219,39.312,39.230,39.149,38.812,38.475,38.323,38.171,38.311,38.451,38.346,38.241,38.089,37.937,37.937,37.937,37.972,38.007,37.913,37.820,37.960,38.101,38.346,38.591,38.871,39.149,39.172,39.196,39.312,39.427,39.277,39.126,39.312,39.497,39.485,39.474,39.265,39.056,38.743,38.428,38.393,38.358,38.416,38.475,38.510,38.545,38.440,38.335,38.370,38.405,38.346,38.288,38.229,38.171,38.066,37.960,38.089
,55.743,55.173,54.601,54.412,54.222,54.857,55.489,55.915,56.340,55.687,55.031,53.739,52.434,51.463,50.484,49.593,48.696,48.229,47.760,48.299,48.835,48.894,48.953,49.391,49.827,49.204,48.578,47.550,46.512,46.583,46.654,46.932,47.208,47.523,47.836,47.387,46.937,46.817,46.698,47.057,47.414,47.593,47.771,47.533,47.295,46.442,45.582,45.092,44.600,44.328,44.056,43.850,43.644,44.788,45.922,46.502,47.078,46.239,45.395,44.367,43.330,42.448,41.560,41.002,40.441,40.050,39.658,40.033,40.407,40.378,40.349,39.866,39.381,39.462,39.543,40.183,40.819,40.177,39.531,38.696,37.855,38.463,39.068,39.358,39.647,39.022,38.393,38.580,38.766,39.039,39.312,39.312,39.312,39.785,40.257,41.082,41.900,42.398,42.893,43.140,43.386,42.336,41.275,41.645,42.013,43.521,45.009,45.510,46.010,45.263,44.511,43.844,43.174,43.179,43.185,44.633,46.064,46.420,46.774,46.409,46.043,46.529,47.013,47.949,48.878,48.476,48.073,47.512,46.948,45.823,44.689,44.644,44.600,45.131,45.659,45.648,45.637,45.527,45.417,45.631,45.845,45.378,44.910,45.131,45.351,45.532,45.714,44.854,43.989,44.134,44.278,44.239,44.201,44.965,45.725,45.186,44.644,44.284,43.922,44.517,45.108,46.114,47.111,46.469,45.823,45.422,45.020,43.515,41.991,40.779,39.555,39.826,40.096,40.045,39.993,40.079,40.165,40.945,41.719,42.347,42.972,43.755,44.533,44.223,43.911,42.983,42.047,42.257,42.465,42.274,42.081,42.076,42.070,42.257,42.443,42.251,42.059,41.270,40.475,40.027,39.578,39.878,40.177,40.315,40.453,39.578,38.696,38.346,37.995,37.919,37.843,38.142,38.440,38.229,38.019,37.479,36.936,36.676,36.415,38.007,39.578,40.642,41.696,41.389,41.082,40.068,39.045,38.650,38.253,37.731,37.208,37.532,37.855,38.165,38.475,38.270,38.066,38.673,39.277,40.016,40.750,40.727,40.705,40.016,39.323,39.230,39.138,39.161,39.184,39.115,39.045,38.946,38.847,38.935,39.022,38.690,38.358,38.077,37.796,37.866,37.937,38.013,38.089,38.054,38.019,38.171,38.323,38.451,38.580,38.684,38.789,38.772,38.754,38.830,38.905,38.888,38.871,38.993,39.115,39.213,39.312,39.161,39.010,38.743,38.475,38.352,38.229,38.270,38.311,38.375,38.440,38.317,38.194,38.288,38.381,38.364,38.346,38.235,38.124,38.060,37.995,38.130
,56.077,55.397,54.714,54.468,54.222,54.888,55.550,56.108,56.663,55.773,54.877,53.563,52.236,51.494,50.748,49.838,48.921,48.439,47.955,48.610,49.263,49.487,49.710,50.113,50.515,50.007,49.497,48.288,47.067,46.915,46.763,47.263,47.760,48.363,48.964,48.299,47.631,47.458,47.284,47.208,47.133,47.035,46.937,46.817,46.698,46.119,45.538,44.733,43.922,43.588,43.252,43.330,43.409,44.578,45.736,46.283,46.828,46.032,45.230,44.411,43.588,42.859,42.127,41.560,40.990,40.498,40.004,40.361,40.716,40.384,40.050,39.751,39.450,39.832,40.211,41.139,42.059,40.819,39.566,38.486,37.396,37.960,38.521,38.650,38.778,38.428,38.077,38.405,38.731,38.905,39.080,38.836,38.591,38.894,39.196,40.315,41.423,41.730,42.036,41.707,41.378,40.853,40.326,40.945,41.560,42.994,44.411,44.755,45.097,43.989,42.871,42.296,41.719,41.968,42.217,43.900,45.560,46.130,46.698,46.261,45.823,45.780,45.736,46.163,46.589,46.763,46.937,46.904,46.872,45.670,44.456,44.666,44.877,45.108,45.340,45.329,45.318,44.987,44.655,45.230,45.801,44.921,44.034,43.811,43.588,44.522,45.450,45.241,45.031,44.644,44.256,43.476,42.691,43.610,44.522,44.356,44.189,44.323,44.456,45.186,45.911,47.263,48.600,48.019,47.436,47.544,47.652,45.801,43.922,41.957,39.958,39.855,39.751,39.670,39.589,39.785,39.981,40.716,41.446,42.183,42.916,43.900,44.877,44.578,44.278,43.465,42.646,42.522,42.398,41.832,41.264,41.537,41.810,42.104,42.398,41.639,40.876,39.901,38.917,38.836,38.754,39.138,39.520,40.085,40.647,40.223,39.797,39.033,38.264,38.241,38.218,38.241,38.264,38.218,38.171,37.655,37.137,36.865,36.593,38.440,40.257,41.764,43.252,42.994,42.736,41.514,40.280,39.728,39.172,38.475,37.773,38.264,38.754,38.615,38.475,38.626,38.778,39.520,40.257,40.705,41.150,41.013,40.876,40.200,39.520,39.242,38.964,39.091,39.219,39.416,39.612,39.566,39.520,39.555,39.589,39.033,38.475,38.066,37.655,37.796,37.937,38.054,38.171,38.194,38.218,38.381,38.545,38.556,38.568,38.498,38.428,38.370,38.311,38.346,38.381,38.498,38.615,38.673,38.731,38.940,39.149,39.056,38.964,38.743,38.521,38.311,38.101,38.124,38.148,38.241,38.335,38.194,38.054,38.206,38.358,38.381,38.405,38.241,38.077,38.054,38.031,38.171
,56.188,55.443,54.693,54.422,54.150,54.745,55.336,55.956,56.572,55.986,55.397,53.996,52.580,51.991,51.400,50.225,49.039,48.401,47.760,48.958,50.145,50.690,51.232,51.609,51.986,51.363,50.737,49.487,48.224,48.116,48.008,48.487,48.964,49.460,49.954,49.124,48.288,48.084,47.879,47.544,47.208,46.752,46.294,45.774,45.252,44.749,44.245,43.537,42.826,42.747,42.668,42.871,43.073,44.262,45.439,45.982,46.523,45.714,44.899,44.084,43.263,42.629,41.991,41.406,40.819,40.315,39.809,39.895,39.981,39.757,39.531,39.387,39.242,39.543,39.843,40.659,41.469,40.367,39.254,38.300,37.337,37.731,38.124,38.358,38.591,38.440,38.288,38.690,39.091,39.016,38.940,38.772,38.603,38.871,39.138,39.993,40.842,40.813,40.785,40.596,40.407,40.206,40.004,40.498,40.990,42.149,43.297,43.442,43.588,42.572,41.548,41.241,40.933,41.480,42.025,43.235,44.434,44.982,45.527,45.499,45.472,45.075,44.677,44.400,44.123,44.478,44.832,44.965,45.097,44.450,43.800,44.517,45.230,45.455,45.681,45.543,45.406,44.799,44.189,44.300,44.411,43.537,42.657,42.527,42.398,43.426,44.445,44.749,45.053,44.744,44.434,43.537,42.634,43.022,43.409,43.549,43.688,44.050,44.411,45.097,45.780,47.306,48.814,48.095,47.371,47.696,48.019,45.867,43.677,41.566,39.416,39.393,39.369,39.422,39.474,39.369,39.265,39.739,40.211,41.275,42.330,43.537,44.733,44.145,43.554,42.820,42.081,41.900,41.719,41.327,40.933,41.469,42.002,42.115,42.228,41.042,39.843,39.155,38.463,38.597,38.731,38.935,39.138,39.653,40.165,39.693,39.219,38.358,37.491,37.702,37.913,37.814,37.714,38.007,38.300,38.136,37.972,37.543,37.113,38.440,39.751,40.933,42.104,41.878,41.651,40.945,40.234,39.774,39.312,38.539,37.761,38.568,39.369,39.248,39.126,39.375,39.624,40.498,41.367,41.707,42.047,41.492,40.933,40.286,39.635,39.341,39.045,39.138,39.230,39.317,39.404,39.589,39.774,39.728,39.682,39.091,38.498,38.107,37.714,37.773,37.831,37.954,38.077,38.305,38.533,38.638,38.743,38.609,38.475,38.492,38.510,38.422,38.335,38.241,38.148,38.270,38.393,38.492,38.591,38.801,39.010,38.998,38.987,38.743,38.498,38.247,37.995,38.066,38.136,38.083,38.031,38.083,38.136,38.218,38.300,38.311,38.323,38.218,38.112,38.042,37.972,38.095
,56.300,55.489,54.673,54.376,54.078,54.601,55.122,55.804,56.481,56.199,55.915,54.427,52.922,52.486,52.048,50.610,49.156,48.363,47.566,49.305,51.021,51.881,52.736,53.088,53.440,52.704,51.965,50.674,49.369,49.305,49.241,49.699,50.156,50.547,50.937,49.944,48.942,48.707,48.471,47.879,47.284,46.469,45.648,44.722,43.789,43.364,42.938,42.330,41.719,41.900,42.081,42.409,42.736,43.945,45.142,45.681,46.218,45.395,44.567,43.755,42.938,42.398,41.855,41.253,40.647,40.131,39.612,39.427,39.242,39.126,39.010,39.022,39.033,39.254,39.474,40.177,40.876,39.912,38.940,38.112,37.279,37.502,37.726,38.066,38.405,38.451,38.498,38.975,39.450,39.126,38.801,38.708,38.615,38.847,39.080,39.670,40.257,39.889,39.520,39.474,39.427,39.555,39.682,40.050,40.418,41.298,42.172,42.115,42.059,41.139,40.211,40.177,40.142,40.990,41.832,42.567,43.297,43.822,44.345,44.733,45.120,44.367,43.610,42.612,41.605,42.149,42.691,42.994,43.297,43.218,43.140,44.367,45.582,45.801,46.021,45.758,45.494,44.611,43.722,43.364,43.005,42.138,41.264,41.230,41.196,42.319,43.431,44.256,45.075,44.843,44.611,43.599,42.578,42.432,42.285,42.736,43.185,43.777,44.367,45.009,45.648,47.349,49.028,48.170,47.306,47.847,48.385,45.933,43.431,41.173,38.871,38.929,38.987,39.172,39.358,38.952,38.545,38.754,38.964,40.361,41.742,43.174,44.589,43.710,42.826,42.172,41.514,41.275,41.036,40.819,40.602,41.401,42.194,42.127,42.059,40.441,38.801,38.405,38.007,38.358,38.708,38.731,38.754,39.219,39.682,39.161,38.638,37.679,36.711,37.161,37.608,37.385,37.161,37.796,38.428,38.615,38.801,38.218,37.632,38.440,39.242,40.096,40.945,40.750,40.556,40.372,40.188,39.820,39.450,38.603,37.749,38.871,39.981,39.878,39.774,40.119,40.464,41.469,42.465,42.702,42.938,41.968,40.990,40.372,39.751,39.439,39.126,39.184,39.242,39.219,39.196,39.612,40.027,39.901,39.774,39.149,38.521,38.148,37.773,37.749,37.726,37.855,37.984,38.416,38.847,38.894,38.940,38.661,38.381,38.486,38.591,38.475,38.358,38.136,37.913,38.042,38.171,38.311,38.451,38.661,38.871,38.940,39.010,38.743,38.475,38.183,37.890,38.007,38.124,37.925,37.726,37.972,38.218,38.229,38.241,38.241,38.241,38.194,38.148,38.031,37.913,38.019
,56.421,55.712,55.000,54.699,54.396,54.693,54.990,55.621,56.249,56.072,55.895,54.898,53.893,53.502,53.109,51.184,49.231,48.417,47.598,49.891,52.142,53.233,54.314,54.596,54.877,54.089,53.295,51.949,50.589,50.420,50.251,50.827,51.400,51.667,51.934,50.795,49.646,49.135,48.621,47.777,46.926,46.130,45.329,44.300,43.263,42.533,41.798,41.344,40.888,40.813,40.739,40.973,41.207,42.561,43.900,44.805,45.703,44.810,43.911,43.039,42.161,41.742,41.321,41.070,40.819,40.298,39.774,39.526,39.277,39.085,38.894,38.731,38.568,38.690,38.812,39.329,39.843,39.277,38.708,38.025,37.337,37.367,37.396,37.679,37.960,38.235,38.510,38.871,39.230,38.783,38.335,38.352,38.370,38.655,38.940,39.213,39.485,39.027,38.568,38.783,38.998,39.491,39.981,40.665,41.344,42.510,43.666,43.218,42.769,41.668,40.556,40.412,40.269,40.830,41.389,42.386,43.375,43.828,44.278,44.117,43.956,42.994,42.025,41.253,40.475,40.722,40.968,41.480,41.991,42.002,42.013,43.224,44.423,44.766,45.108,44.998,44.888,44.067,43.241,42.589,41.934,41.190,40.441,40.836,41.230,42.251,43.263,44.006,44.744,44.489,44.234,44.195,44.156,43.604,43.050,43.560,44.067,44.217,44.367,44.705,45.042,45.730,46.414,46.239,46.064,46.910,47.750,45.070,42.330,40.636,38.917,39.062,39.207,39.566,39.924,39.236,38.545,38.545,38.545,39.398,40.246,41.116,41.980,41.520,41.059,40.865,40.670,40.687,40.705,40.722,40.739,41.617,42.488,42.336,42.183,40.693,39.184,38.574,37.960,38.288,38.615,38.871,39.126,39.503,39.878,39.242,38.603,37.573,36.534,36.611,36.688,36.723,36.759,37.620,38.475,38.824,39.172,39.045,38.917,38.987,39.056,39.578,40.096,40.119,40.142,39.964,39.785,39.497,39.207,39.068,38.929,39.607,40.280,40.257,40.234,40.762,41.287,42.042,42.792,42.977,43.162,42.290,41.412,40.813,40.211,39.924,39.635,39.537,39.439,39.317,39.196,39.387,39.578,39.474,39.369,38.865,38.358,38.071,37.784,37.884,37.984,38.071,38.159,38.416,38.673,38.830,38.987,38.789,38.591,38.615,38.638,38.521,38.405,38.188,37.972,38.077,38.183,38.311,38.440,38.620,38.801,38.818,38.836,38.626,38.416,38.130,37.843,37.913,37.984,37.907,37.831,38.066,38.300,38.294,38.288,38.188,38.089,38.112,38.136,38.048,37.960,38.048
,56.542,55.935,55.326,55.020,54.714,54.785,54.857,55.438,56.016,55.946,55.875,55.367,54.857,54.509,54.160,51.756,49.305,48.471,47.631,50.473,53.254,54.571,55.875,56.087,56.300,55.458,54.612,53.212,51.798,51.526,51.253,51.944,52.632,52.777,52.922,51.641,50.346,49.561,48.771,47.674,46.567,45.791,45.009,43.878,42.736,41.696,40.647,40.349,40.050,39.716,39.381,39.520,39.658,41.162,42.646,43.922,45.186,44.223,43.252,42.319,41.378,41.082,40.785,40.888,40.990,40.464,39.935,39.624,39.312,39.045,38.778,38.440,38.101,38.124,38.148,38.475,38.801,38.638,38.475,37.937,37.396,37.231,37.066,37.290,37.514,38.019,38.521,38.766,39.010,38.440,37.866,37.995,38.124,38.463,38.801,38.754,38.708,38.159,37.608,38.089,38.568,39.427,40.280,41.275,42.262,43.710,45.142,44.312,43.476,42.194,40.899,40.647,40.395,40.670,40.945,42.206,43.454,43.833,44.212,43.498,42.781,41.605,40.418,39.878,39.335,39.277,39.219,39.947,40.670,40.773,40.876,42.070,43.252,43.722,44.189,44.234,44.278,43.521,42.758,41.810,40.853,40.234,39.612,40.441,41.264,42.183,43.095,43.755,44.411,44.134,43.855,44.788,45.714,44.766,43.811,44.378,44.943,44.655,44.367,44.400,44.434,44.089,43.744,44.278,44.810,45.966,47.111,44.201,41.218,40.096,38.964,39.196,39.427,39.958,40.487,39.520,38.545,38.335,38.124,38.428,38.731,39.022,39.312,39.288,39.265,39.543,39.820,40.096,40.372,40.624,40.876,41.832,42.781,42.544,42.307,40.945,39.566,38.743,37.913,38.218,38.521,39.010,39.497,39.785,40.073,39.323,38.568,37.467,36.355,36.058,35.760,36.058,36.355,37.443,38.521,39.033,39.543,39.866,40.188,39.531,38.871,39.056,39.242,39.485,39.728,39.555,39.381,39.172,38.964,39.531,40.096,40.338,40.579,40.636,40.693,41.401,42.104,42.612,43.118,43.252,43.386,42.612,41.832,41.253,40.670,40.407,40.142,39.889,39.635,39.416,39.196,39.161,39.126,39.045,38.964,38.580,38.194,37.995,37.796,38.019,38.241,38.288,38.335,38.416,38.498,38.766,39.033,38.917,38.801,38.743,38.684,38.568,38.451,38.241,38.031,38.112,38.194,38.311,38.428,38.580,38.731,38.696,38.661,38.510,38.358,38.077,37.796,37.820,37.843,37.890,37.937,38.159,38.381,38.358,38.335,38.136,37.937,38.031,38.124,38.066,38.007,38.077
,56.512,56.011,55.509,55.199,54.888,55.041,55.194,55.489,55.783,55.738,55.692,55.463,55.234,54.974,54.714,52.325,49.891,49.215,48.535,51.132,53.677,55.168,56.643,56.884,57.126,56.401,55.672,54.325,52.964,52.678,52.392,52.756,53.119,53.197,53.274,52.439,51.599,50.537,49.465,48.234,46.991,46.272,45.549,44.350,43.140,42.053,40.956,40.378,39.797,39.074,38.346,38.183,38.019,39.474,40.910,42.589,44.245,43.532,42.814,41.668,40.510,40.498,40.487,40.790,41.093,41.110,41.127,40.544,39.958,39.410,38.859,38.440,38.019,38.148,38.276,38.492,38.708,38.533,38.358,37.913,37.467,37.343,37.220,37.178,37.137,37.332,37.526,37.808,38.089,37.831,37.573,37.626,37.679,37.866,38.054,37.954,37.855,37.496,37.137,37.532,37.925,39.167,40.395,41.594,42.781,44.306,45.812,45.538,45.263,44.039,42.803,42.149,41.492,41.526,41.560,42.369,43.174,43.157,43.140,42.313,41.480,40.624,39.762,39.474,39.184,39.265,39.346,39.664,39.981,40.016,40.050,40.716,41.378,41.844,42.307,42.595,42.882,42.392,41.900,41.162,40.418,40.010,39.601,40.349,41.093,42.042,42.983,43.286,43.588,43.414,43.241,44.522,45.791,45.169,44.545,45.120,45.692,45.675,45.659,45.042,44.423,44.100,43.777,44.167,44.556,45.180,45.801,43.364,40.876,40.234,39.589,39.912,40.234,40.613,40.990,39.878,38.754,38.381,38.007,38.019,38.031,38.142,38.253,38.159,38.066,38.539,39.010,39.398,39.785,39.843,39.901,40.836,41.764,41.770,41.776,41.150,40.521,39.265,37.995,38.171,38.346,39.074,39.797,40.079,40.361,39.578,38.789,37.878,36.960,36.504,36.046,36.034,36.022,37.349,38.661,39.393,40.119,40.056,39.993,39.358,38.719,38.865,39.010,39.474,39.935,39.866,39.797,39.566,39.335,40.154,40.968,41.025,41.082,41.224,41.367,41.968,42.567,42.871,43.174,43.286,43.398,43.045,42.691,42.420,42.149,41.452,40.750,40.487,40.223,40.004,39.785,39.589,39.393,39.514,39.635,39.312,38.987,38.731,38.475,38.580,38.684,38.650,38.615,38.539,38.463,38.748,39.033,38.940,38.847,38.772,38.696,38.585,38.475,38.300,38.124,38.212,38.300,38.393,38.486,38.568,38.650,38.673,38.696,38.562,38.428,38.136,37.843,37.825,37.808,37.878,37.949,38.124,38.300,38.305,38.311,38.159,38.007,38.031,38.054,38.048,38.042,38.107
,56.481,56.087,55.692,55.377,55.061,55.296,55.529,55.540,55.550,55.529,55.509,55.560,55.611,55.438,55.265,52.891,50.473,49.954,49.433,51.787,54.099,55.763,57.407,57.677,57.947,57.336,56.723,55.428,54.119,53.821,53.522,53.563,53.605,53.615,53.625,53.233,52.839,51.505,50.156,48.793,47.414,46.752,46.086,44.821,43.543,42.409,41.264,40.407,39.543,38.428,37.302,36.830,36.355,37.761,39.149,41.241,43.297,42.837,42.375,41.013,39.635,39.912,40.188,40.693,41.196,41.753,42.307,41.458,40.602,39.774,38.940,38.440,37.937,38.171,38.405,38.510,38.615,38.428,38.241,37.890,37.538,37.455,37.373,37.066,36.759,36.640,36.522,36.842,37.161,37.220,37.279,37.255,37.231,37.267,37.302,37.149,36.995,36.830,36.664,36.972,37.279,38.905,40.510,41.912,43.297,44.899,46.480,46.752,47.024,45.856,44.677,43.632,42.578,42.375,42.172,42.533,42.893,42.477,42.059,41.116,40.165,39.635,39.103,39.068,39.033,39.254,39.474,39.381,39.288,39.254,39.219,39.346,39.474,39.935,40.395,40.933,41.469,41.253,41.036,40.510,39.981,39.785,39.589,40.257,40.922,41.900,42.871,42.814,42.758,42.691,42.623,44.256,45.867,45.571,45.274,45.856,46.436,46.687,46.937,45.681,44.411,44.112,43.811,44.056,44.300,44.389,44.478,42.522,40.533,40.372,40.211,40.624,41.036,41.264,41.492,40.234,38.964,38.428,37.890,37.608,37.326,37.255,37.184,37.019,36.853,37.526,38.194,38.696,39.196,39.056,38.917,39.832,40.739,40.990,41.241,41.355,41.469,39.785,38.077,38.124,38.171,39.138,40.096,40.372,40.647,39.832,39.010,38.288,37.561,36.948,36.332,36.010,35.688,37.255,38.801,39.751,40.693,40.246,39.797,39.184,38.568,38.673,38.778,39.462,40.142,40.177,40.211,39.958,39.705,40.773,41.832,41.707,41.583,41.810,42.036,42.533,43.028,43.129,43.230,43.319,43.409,43.476,43.543,43.576,43.610,42.488,41.355,41.082,40.808,40.590,40.372,40.016,39.658,39.981,40.303,40.039,39.774,39.462,39.149,39.138,39.126,39.010,38.894,38.661,38.428,38.731,39.033,38.964,38.894,38.801,38.708,38.603,38.498,38.358,38.218,38.311,38.405,38.475,38.545,38.556,38.568,38.650,38.731,38.615,38.498,38.194,37.890,37.831,37.773,37.866,37.960,38.089,38.218,38.253,38.288,38.183,38.077,38.031,37.984,38.031,38.077,38.136
,56.350,55.900,55.448,55.346,55.245,55.489,55.733,55.672,55.611,55.499,55.387,55.519,55.651,55.545,55.438,53.347,51.221,50.853,50.484,52.294,54.078,55.809,57.517,57.707,57.897,57.447,56.995,56.102,55.204,54.903,54.601,54.437,54.273,54.196,54.119,53.924,53.728,52.491,51.242,50.103,48.953,48.105,47.252,46.054,44.843,43.560,42.262,41.349,40.430,39.346,38.253,37.726,37.196,37.773,38.346,40.102,41.832,41.594,41.355,40.441,39.520,39.999,40.475,41.207,41.934,42.353,42.769,41.940,41.104,40.223,39.335,38.807,38.276,38.888,39.497,39.352,39.207,38.714,38.218,37.743,37.267,37.279,37.290,36.824,36.355,36.231,36.106,36.349,36.593,36.682,36.771,36.753,36.735,36.664,36.593,36.480,36.367,36.492,36.617,36.889,37.161,38.247,39.323,40.670,42.002,44.073,46.108,46.932,47.750,46.463,45.164,43.777,42.375,41.968,41.560,41.514,41.469,41.070,40.670,40.154,39.635,39.508,39.381,39.161,38.940,39.184,39.427,39.115,38.801,38.644,38.486,38.737,38.987,39.369,39.751,40.131,40.510,40.659,40.808,40.836,40.865,40.579,40.292,40.539,40.785,41.872,42.949,42.539,42.127,42.330,42.533,43.537,44.533,44.838,45.142,45.939,46.730,47.306,47.879,46.676,45.461,44.783,44.100,43.883,43.666,43.476,43.286,41.793,40.280,40.010,39.739,40.355,40.968,41.122,41.275,40.762,40.246,39.416,38.580,38.112,37.643,37.279,36.913,36.682,36.450,36.871,37.290,37.649,38.007,37.978,37.949,38.533,39.115,39.503,39.889,40.246,40.602,39.358,38.101,38.031,37.960,39.010,40.050,40.263,40.475,39.866,39.254,38.556,37.855,37.279,36.699,36.729,36.759,38.591,40.395,40.659,40.922,40.389,39.855,39.323,38.789,38.905,39.022,39.826,40.624,40.384,40.142,40.096,40.050,41.497,42.927,43.202,43.476,43.179,42.882,43.045,43.207,43.050,42.893,42.798,42.702,43.274,43.844,44.073,44.300,43.766,43.230,42.921,42.612,42.127,41.639,41.127,40.613,41.087,41.560,41.281,41.002,40.722,40.441,40.137,39.832,39.578,39.323,38.993,38.661,38.812,38.964,38.836,38.708,38.696,38.684,38.550,38.416,38.346,38.276,38.352,38.428,38.457,38.486,38.463,38.440,38.545,38.650,38.574,38.498,38.323,38.148,38.025,37.902,37.931,37.960,38.183,38.405,38.445,38.486,38.428,38.370,38.235,38.101,38.142,38.183,38.288
,56.219,55.712,55.204,55.316,55.428,55.682,55.935,55.804,55.672,55.468,55.265,55.479,55.692,55.651,55.611,53.801,51.965,51.745,51.526,52.798,54.058,55.854,57.627,57.737,57.847,57.557,57.266,56.774,56.279,55.976,55.672,55.306,54.939,54.775,54.612,54.612,54.612,53.471,52.320,51.400,50.473,49.444,48.406,47.274,46.130,44.700,43.252,42.285,41.310,40.257,39.196,38.615,38.031,37.784,37.538,38.952,40.349,40.338,40.326,39.866,39.404,40.085,40.762,41.719,42.668,42.949,43.230,42.420,41.605,40.670,39.728,39.172,38.615,39.601,40.579,40.188,39.797,38.998,38.194,37.596,36.995,37.102,37.208,36.581,35.951,35.819,35.688,35.855,36.022,36.141,36.260,36.248,36.236,36.058,35.879,35.807,35.736,36.153,36.569,36.806,37.043,37.585,38.124,39.416,40.693,43.241,45.736,47.111,48.471,47.067,45.648,43.922,42.172,41.560,40.945,40.487,40.027,39.647,39.265,39.184,39.103,39.381,39.658,39.254,38.847,39.115,39.381,38.847,38.311,38.031,37.749,38.124,38.498,38.801,39.103,39.323,39.543,40.062,40.579,41.162,41.742,41.367,40.990,40.819,40.647,41.844,43.028,42.262,41.492,41.968,42.443,42.814,43.185,44.100,45.009,46.021,47.024,47.922,48.814,47.663,46.502,45.450,44.389,43.710,43.028,42.556,42.081,41.059,40.027,39.647,39.265,40.085,40.899,40.979,41.059,41.287,41.514,40.395,39.265,38.615,37.960,37.302,36.640,36.344,36.046,36.213,36.379,36.593,36.806,36.889,36.972,37.220,37.467,37.995,38.521,39.126,39.728,38.929,38.124,37.937,37.749,38.882,40.004,40.154,40.303,39.901,39.497,38.824,38.148,37.608,37.066,37.443,37.820,39.912,41.968,41.560,41.150,40.533,39.912,39.462,39.010,39.138,39.265,40.188,41.104,40.590,40.073,40.234,40.395,42.217,44.011,44.677,45.340,44.533,43.722,43.554,43.386,42.972,42.556,42.274,41.991,43.073,44.145,44.567,44.987,45.031,45.075,44.733,44.389,43.644,42.893,42.228,41.560,42.183,42.803,42.510,42.217,41.968,41.719,41.127,40.533,40.142,39.751,39.323,38.894,38.894,38.894,38.708,38.521,38.591,38.661,38.498,38.335,38.335,38.335,38.393,38.451,38.440,38.428,38.370,38.311,38.440,38.568,38.533,38.498,38.451,38.405,38.218,38.031,37.995,37.960,38.276,38.591,38.638,38.684,38.673,38.661,38.440,38.218,38.253,38.288,38.440
,56.199,55.580,54.959,55.107,55.255,55.468,55.682,55.601,55.519,55.280,55.041,55.199,55.357,55.301,55.245,54.166,53.078,53.104,53.129,53.770,54.407,55.697,56.975,57.286,57.597,57.251,56.905,56.502,56.097,56.209,56.320,56.087,55.854,55.352,54.847,54.683,54.519,53.718,52.912,52.325,51.735,50.727,49.710,48.492,47.263,45.747,44.212,43.258,42.296,41.520,40.739,40.332,39.924,39.722,39.520,40.108,40.693,40.579,40.464,40.234,40.004,40.309,40.613,41.440,42.262,42.561,42.859,42.347,41.832,41.019,40.200,39.820,39.439,40.194,40.945,40.705,40.464,39.474,38.475,37.591,36.699,36.664,36.628,36.088,35.544,35.526,35.508,35.640,35.772,35.772,35.772,35.724,35.676,35.640,35.604,35.724,35.843,36.236,36.628,36.747,36.865,37.326,37.784,39.138,40.475,42.409,44.312,45.411,46.502,45.406,44.300,42.702,41.082,40.590,40.096,39.866,39.635,39.369,39.103,39.242,39.381,39.883,40.384,40.073,39.762,39.751,39.739,38.795,37.843,37.579,37.314,38.060,38.801,38.946,39.091,39.317,39.543,40.108,40.670,41.367,42.059,41.446,40.830,40.779,40.727,41.497,42.262,42.098,41.934,42.634,43.330,43.627,43.922,44.528,45.131,45.829,46.523,47.441,48.353,47.208,46.054,45.114,44.167,43.414,42.657,42.070,41.480,40.819,40.154,39.526,38.894,39.503,40.108,40.263,40.418,40.682,40.945,39.826,38.696,38.071,37.443,37.054,36.664,36.385,36.106,36.236,36.367,36.456,36.545,36.498,36.450,36.723,36.995,37.220,37.443,37.861,38.276,37.831,37.385,37.231,37.078,37.843,38.603,38.865,39.126,38.998,38.871,38.410,37.949,37.555,37.161,37.579,37.995,40.085,42.138,41.798,41.458,40.825,40.188,39.860,39.531,39.531,39.531,40.229,40.922,40.355,39.785,40.010,40.234,42.081,43.900,44.594,45.285,44.788,44.289,44.039,43.789,43.336,42.882,42.584,42.285,43.146,44.000,44.672,45.340,45.450,45.560,45.395,45.230,44.683,44.134,43.470,42.803,43.431,44.056,43.933,43.811,43.454,43.095,42.245,41.389,40.973,40.556,40.091,39.624,39.462,39.300,39.115,38.929,38.888,38.847,38.620,38.393,38.346,38.300,38.405,38.510,38.521,38.533,38.498,38.463,38.539,38.615,38.591,38.568,38.469,38.370,38.253,38.136,38.124,38.112,38.434,38.754,38.795,38.836,38.847,38.859,38.644,38.428,38.451,38.475,38.585
,56.178,55.448,54.714,54.898,55.082,55.255,55.428,55.397,55.367,55.092,54.816,54.918,55.020,54.949,54.877,54.530,54.181,54.448,54.714,54.734,54.755,55.540,56.320,56.834,57.347,56.945,56.542,56.229,55.915,56.441,56.965,56.864,56.764,55.925,55.082,54.755,54.427,53.965,53.502,53.243,52.984,51.996,51.000,49.699,48.385,46.785,45.164,44.223,43.274,42.769,42.262,42.025,41.787,41.628,41.469,41.253,41.036,40.819,40.602,40.602,40.602,40.533,40.464,41.162,41.855,42.172,42.488,42.274,42.059,41.367,40.670,40.464,40.257,40.785,41.310,41.218,41.127,39.947,38.754,37.585,36.403,36.225,36.046,35.592,35.137,35.233,35.329,35.425,35.520,35.401,35.281,35.197,35.113,35.221,35.329,35.640,35.951,36.320,36.688,36.688,36.688,37.066,37.443,38.859,40.257,41.571,42.871,43.688,44.500,43.722,42.938,41.469,39.981,39.612,39.242,39.242,39.242,39.091,38.940,39.300,39.658,40.384,41.104,40.888,40.670,40.384,40.096,38.743,37.373,37.125,36.877,37.995,39.103,39.091,39.080,39.312,39.543,40.154,40.762,41.571,42.375,41.526,40.670,40.739,40.808,41.150,41.492,41.934,42.375,43.297,44.212,44.434,44.655,44.954,45.252,45.637,46.021,46.959,47.890,46.752,45.604,44.777,43.945,43.118,42.285,41.583,40.876,40.579,40.280,39.404,38.521,38.917,39.312,39.543,39.774,40.073,40.372,39.254,38.124,37.526,36.924,36.806,36.688,36.427,36.165,36.260,36.355,36.320,36.284,36.106,35.927,36.225,36.522,36.439,36.355,36.581,36.806,36.723,36.640,36.522,36.403,36.794,37.184,37.561,37.937,38.089,38.241,37.995,37.749,37.502,37.255,37.714,38.171,40.257,42.307,42.036,41.764,41.116,40.464,40.257,40.050,39.924,39.797,40.269,40.739,40.119,39.497,39.785,40.073,41.946,43.789,44.511,45.230,45.042,44.854,44.522,44.189,43.699,43.207,42.893,42.578,43.218,43.855,44.777,45.692,45.867,46.043,46.054,46.064,45.714,45.362,44.700,44.034,44.666,45.296,45.340,45.384,44.921,44.456,43.353,42.240,41.798,41.355,40.853,40.349,40.027,39.705,39.520,39.335,39.184,39.033,38.743,38.451,38.358,38.264,38.416,38.568,38.603,38.638,38.626,38.615,38.638,38.661,38.650,38.638,38.486,38.335,38.288,38.241,38.253,38.264,38.591,38.917,38.952,38.987,39.022,39.056,38.847,38.638,38.650,38.661,38.731
,56.128,55.453,54.775,54.903,55.031,55.173,55.316,55.357,55.397,55.301,55.204,55.138,55.071,55.133,55.194,55.224,55.255,55.692,56.128,55.758,55.387,55.722,56.057,56.471,56.884,56.608,56.330,55.778,55.224,55.641,56.057,56.254,56.451,55.940,55.428,55.076,54.724,54.417,54.109,54.053,53.996,53.259,52.517,51.232,49.933,48.267,46.578,45.736,44.888,44.056,43.218,42.882,42.544,42.234,41.923,41.673,41.423,41.065,40.705,40.613,40.521,40.481,40.441,40.888,41.332,41.759,42.183,42.381,42.578,42.093,41.605,41.070,40.533,40.710,40.888,40.802,40.716,39.710,38.696,37.485,36.260,35.807,35.353,35.167,34.980,35.089,35.197,35.167,35.137,35.023,34.908,34.854,34.800,35.047,35.293,35.592,35.891,36.272,36.652,36.729,36.806,37.031,37.255,38.300,39.335,40.240,41.139,41.594,42.047,41.668,41.287,40.355,39.416,39.485,39.555,39.855,40.154,39.837,39.520,39.883,40.246,40.796,41.344,41.310,41.275,40.475,39.670,38.638,37.596,37.390,37.184,38.013,38.836,38.905,38.975,39.288,39.601,39.935,40.269,40.790,41.310,40.916,40.521,40.550,40.579,40.733,40.888,41.685,42.477,43.179,43.878,43.554,43.230,43.358,43.487,44.162,44.832,45.829,46.817,46.250,45.681,45.009,44.334,43.509,42.679,42.098,41.514,41.264,41.013,40.004,38.987,39.062,39.138,39.103,39.068,39.543,40.016,39.265,38.510,37.491,36.462,36.385,36.308,36.236,36.165,36.302,36.439,36.320,36.201,36.088,35.974,36.135,36.296,36.129,35.963,36.177,36.391,36.219,36.046,36.022,35.998,36.379,36.759,37.314,37.866,38.159,38.451,38.556,38.661,38.591,38.521,39.074,39.624,41.463,43.274,42.944,42.612,41.651,40.682,40.470,40.257,39.976,39.693,39.826,39.958,39.607,39.254,39.578,39.901,41.338,42.758,43.666,44.567,44.600,44.633,44.744,44.854,44.306,43.755,43.353,42.949,43.710,44.467,45.070,45.670,45.719,45.769,45.686,45.604,45.637,45.670,45.318,44.965,45.439,45.911,45.697,45.483,45.026,44.567,43.995,43.420,42.927,42.432,41.929,41.423,41.110,40.796,40.647,40.498,40.160,39.820,39.283,38.743,38.568,38.393,38.609,38.824,38.842,38.859,38.847,38.836,38.830,38.824,38.714,38.603,38.492,38.381,38.370,38.358,38.399,38.440,38.830,39.219,39.190,39.161,39.115,39.068,38.876,38.684,38.702,38.719,38.801
,56.077,55.458,54.837,54.908,54.980,55.092,55.204,55.316,55.428,55.509,55.590,55.357,55.122,55.316,55.509,55.915,56.320,56.925,57.527,56.774,56.016,55.905,55.793,56.108,56.421,56.269,56.118,55.326,54.530,54.837,55.143,55.641,56.138,55.956,55.773,55.397,55.020,54.867,54.714,54.857,55.000,54.509,54.017,52.746,51.463,49.731,47.976,47.230,46.480,45.329,44.167,43.733,43.297,42.837,42.375,42.093,41.810,41.310,40.808,40.624,40.441,40.430,40.418,40.613,40.808,41.344,41.878,42.488,43.095,42.814,42.533,41.673,40.808,40.636,40.464,40.384,40.303,39.474,38.638,37.385,36.117,35.389,34.655,34.740,34.824,34.944,35.065,34.908,34.752,34.643,34.534,34.510,34.486,34.872,35.257,35.544,35.831,36.225,36.617,36.771,36.924,36.995,37.066,37.737,38.405,38.894,39.381,39.462,39.543,39.578,39.612,39.230,38.847,39.358,39.866,40.464,41.059,40.579,40.096,40.464,40.830,41.207,41.583,41.730,41.878,40.567,39.242,38.533,37.820,37.655,37.491,38.031,38.568,38.719,38.871,39.265,39.658,39.716,39.774,40.004,40.234,40.303,40.372,40.361,40.349,40.315,40.280,41.435,42.578,43.061,43.543,42.668,41.787,41.742,41.696,42.668,43.632,44.689,45.736,45.747,45.758,45.241,44.722,43.900,43.073,42.612,42.149,41.946,41.742,40.602,39.450,39.207,38.964,38.661,38.358,39.010,39.658,39.277,38.894,37.455,35.998,35.963,35.927,36.046,36.165,36.344,36.522,36.320,36.117,36.070,36.022,36.046,36.070,35.819,35.568,35.772,35.974,35.712,35.449,35.520,35.592,35.963,36.332,37.066,37.796,38.229,38.661,39.115,39.566,39.670,39.774,40.418,41.059,42.657,44.234,43.844,43.454,42.183,40.899,40.682,40.464,40.027,39.589,39.381,39.172,39.091,39.010,39.369,39.728,40.727,41.719,42.814,43.900,44.156,44.411,44.965,45.516,44.910,44.300,43.811,43.319,44.201,45.075,45.362,45.648,45.571,45.494,45.318,45.142,45.560,45.977,45.933,45.889,46.207,46.523,46.054,45.582,45.131,44.677,44.633,44.589,44.045,43.498,42.994,42.488,42.183,41.878,41.764,41.651,41.127,40.602,39.820,39.033,38.778,38.521,38.801,39.080,39.080,39.080,39.068,39.056,39.022,38.987,38.778,38.568,38.498,38.428,38.451,38.475,38.545,38.615,39.068,39.520,39.427,39.335,39.207,39.080,38.905,38.731,38.754,38.778,38.871
,56.118,55.550,54.980,54.928,54.877,55.046,55.214,55.428,55.641,55.804,55.966,55.717,55.468,55.596,55.722,56.274,56.824,57.507,58.186,57.276,56.360,56.006,55.651,55.849,56.047,55.920,55.793,55.178,54.560,54.576,54.591,54.893,55.194,55.433,55.672,55.621,55.570,55.428,55.285,55.545,55.804,55.296,54.785,53.538,52.278,50.969,49.646,48.953,48.256,46.807,45.340,44.528,43.710,43.347,42.983,42.640,42.296,41.776,41.253,41.053,40.853,40.682,40.510,40.338,40.165,40.613,41.059,41.900,42.736,42.454,42.172,41.270,40.361,40.142,39.924,39.849,39.774,39.190,38.603,37.432,36.248,35.215,34.172,34.244,34.317,34.432,34.547,34.492,34.438,34.414,34.389,34.450,34.510,34.842,35.173,35.658,36.141,36.658,37.172,37.084,36.995,36.960,36.924,37.214,37.502,37.866,38.229,38.259,38.288,38.434,38.580,38.434,38.288,39.149,40.004,40.790,41.571,40.762,39.947,40.177,40.407,40.928,41.446,41.668,41.889,40.602,39.300,38.527,37.749,37.596,37.443,37.837,38.229,38.405,38.580,39.004,39.427,39.462,39.497,39.572,39.647,39.647,39.647,39.474,39.300,39.710,40.119,41.298,42.465,42.814,43.162,41.940,40.705,40.579,40.453,41.207,41.957,43.033,44.100,44.400,44.700,44.689,44.677,43.811,42.938,42.432,41.923,41.548,41.173,40.355,39.531,39.184,38.836,38.492,38.148,38.905,39.658,39.398,39.138,37.685,36.213,36.052,35.891,36.046,36.201,36.344,36.486,36.308,36.129,36.195,36.260,36.272,36.284,35.933,35.580,35.682,35.784,35.538,35.293,35.269,35.245,35.622,35.998,36.782,37.561,38.387,39.207,39.958,40.705,41.082,41.458,41.662,41.866,42.989,44.100,44.150,44.201,42.932,41.651,41.008,40.361,39.895,39.427,39.288,39.149,39.375,39.601,40.004,40.407,41.367,42.319,43.073,43.822,44.100,44.378,45.373,46.360,46.147,45.933,45.268,44.600,45.164,45.725,45.747,45.769,45.675,45.582,45.433,45.285,45.598,45.911,46.037,46.163,46.491,46.817,46.179,45.538,45.075,44.611,44.777,44.943,44.700,44.456,43.906,43.353,43.269,43.185,42.848,42.510,41.781,41.047,40.252,39.450,39.236,39.022,39.242,39.462,39.427,39.393,39.323,39.254,39.132,39.010,38.871,38.731,38.667,38.603,38.638,38.673,38.807,38.940,39.271,39.601,39.450,39.300,39.172,39.045,38.847,38.650,38.679,38.708,38.807
,56.158,55.641,55.122,54.949,54.775,55.000,55.224,55.540,55.854,56.097,56.340,56.077,55.814,55.875,55.935,56.633,57.326,58.086,58.842,57.777,56.703,56.108,55.509,55.590,55.672,55.570,55.468,55.031,54.591,54.314,54.037,54.140,54.243,54.908,55.570,55.844,56.118,55.986,55.854,56.229,56.602,56.077,55.550,54.325,53.088,52.195,51.295,50.653,50.007,48.267,46.502,45.318,44.123,43.855,43.588,43.185,42.781,42.240,41.696,41.480,41.264,40.933,40.602,40.062,39.520,39.878,40.234,41.310,42.375,42.093,41.810,40.865,39.912,39.647,39.381,39.312,39.242,38.905,38.568,37.479,36.379,35.041,33.686,33.747,33.807,33.917,34.026,34.075,34.123,34.184,34.244,34.389,34.534,34.812,35.089,35.772,36.450,37.090,37.726,37.396,37.066,36.924,36.782,36.688,36.593,36.830,37.066,37.043,37.019,37.279,37.538,37.632,37.726,38.940,40.142,41.116,42.081,40.945,39.797,39.889,39.981,40.647,41.310,41.605,41.900,40.636,39.358,38.521,37.679,37.538,37.396,37.643,37.890,38.089,38.288,38.743,39.196,39.207,39.219,39.138,39.056,38.987,38.917,38.580,38.241,39.103,39.958,41.162,42.353,42.567,42.781,41.207,39.612,39.404,39.196,39.728,40.257,41.355,42.443,43.039,43.632,44.134,44.633,43.722,42.803,42.251,41.696,41.150,40.602,40.108,39.612,39.161,38.708,38.323,37.937,38.801,39.658,39.520,39.381,37.913,36.427,36.141,35.855,36.046,36.236,36.344,36.450,36.296,36.141,36.320,36.498,36.498,36.498,36.046,35.592,35.592,35.592,35.365,35.137,35.017,34.896,35.281,35.664,36.498,37.326,38.545,39.751,40.796,41.832,42.477,43.118,42.893,42.668,43.319,43.967,44.456,44.943,43.677,42.398,41.332,40.257,39.762,39.265,39.196,39.126,39.658,40.188,40.636,41.082,42.002,42.916,43.330,43.744,44.045,44.345,45.780,47.198,47.371,47.544,46.709,45.867,46.119,46.371,46.130,45.889,45.780,45.670,45.549,45.428,45.637,45.845,46.141,46.436,46.774,47.111,46.305,45.494,45.020,44.545,44.921,45.296,45.351,45.406,44.810,44.212,44.345,44.478,43.922,43.364,42.432,41.492,40.682,39.866,39.693,39.520,39.682,39.843,39.774,39.705,39.578,39.450,39.242,39.033,38.964,38.894,38.836,38.778,38.824,38.871,39.068,39.265,39.474,39.682,39.474,39.265,39.138,39.010,38.789,38.568,38.603,38.638,38.743
,56.077,55.565,55.051,54.995,54.939,55.153,55.367,55.778,56.188,56.396,56.602,56.224,55.844,55.946,56.047,56.562,57.076,57.727,58.375,57.552,56.723,56.219,55.712,55.834,55.956,55.834,55.712,55.285,54.857,54.525,54.191,54.171,54.150,54.734,55.316,55.667,56.016,55.986,55.956,56.204,56.451,55.875,55.296,54.320,53.336,52.917,52.497,52.048,51.599,49.917,48.213,46.894,45.560,45.543,45.527,45.224,44.921,44.251,43.576,43.106,42.634,41.781,40.922,40.022,39.115,39.335,39.555,40.453,41.344,41.196,41.047,40.395,39.739,39.341,38.940,38.842,38.743,38.574,38.405,37.526,36.640,35.341,34.026,33.893,33.759,33.838,33.917,33.959,34.002,34.147,34.293,34.408,34.522,35.029,35.532,36.344,37.149,37.467,37.784,37.402,37.019,36.812,36.605,36.510,36.415,36.563,36.711,36.688,36.664,36.972,37.279,37.343,37.408,38.428,39.439,40.045,40.647,40.050,39.450,39.450,39.450,40.280,41.104,41.190,41.275,40.114,38.940,38.399,37.855,37.773,37.690,37.949,38.206,38.346,38.486,38.783,39.080,39.033,38.987,38.836,38.684,38.603,38.521,38.188,37.855,38.778,39.693,40.727,41.753,41.639,41.526,40.321,39.103,38.818,38.533,38.842,39.149,39.930,40.705,41.321,41.934,42.651,43.364,43.084,42.803,41.991,41.173,40.453,39.728,39.427,39.126,38.981,38.836,38.335,37.831,38.305,38.778,38.696,38.615,37.690,36.759,36.510,36.260,36.260,36.260,36.344,36.427,36.278,36.129,36.593,37.054,37.125,37.196,36.498,35.795,35.622,35.449,35.155,34.860,34.782,34.703,35.053,35.401,36.123,36.842,37.931,39.010,40.372,41.719,42.792,43.855,43.230,42.601,43.011,43.420,43.750,44.078,43.426,42.769,41.668,40.556,40.010,39.462,39.358,39.254,39.809,40.361,40.985,41.605,42.589,43.565,44.039,44.511,44.461,44.411,46.026,47.620,48.073,48.525,48.132,47.739,47.636,47.533,47.398,47.263,47.024,46.785,46.643,46.502,46.888,47.274,47.533,47.793,47.463,47.133,46.311,45.483,45.009,44.533,45.031,45.527,45.807,46.086,45.900,45.714,45.747,45.780,44.971,44.156,43.061,41.957,41.218,40.475,40.188,39.901,39.976,40.050,39.883,39.716,39.485,39.254,39.201,39.149,39.172,39.196,39.265,39.335,39.219,39.103,39.172,39.242,39.346,39.450,39.329,39.207,39.045,38.882,38.801,38.719,38.650,38.580,38.696
,55.996,55.489,54.980,55.041,55.102,55.306,55.509,56.016,56.522,56.693,56.864,56.370,55.875,56.016,56.158,56.492,56.824,57.367,57.907,57.326,56.744,56.330,55.915,56.077,56.239,56.097,55.956,55.540,55.122,54.734,54.345,54.202,54.058,54.560,55.061,55.489,55.915,55.986,56.057,56.178,56.300,55.672,55.041,54.314,53.584,53.636,53.687,53.429,53.171,51.546,49.901,48.449,46.981,47.208,47.436,47.230,47.024,46.229,45.428,44.711,43.989,42.623,41.241,39.981,38.708,38.789,38.871,39.589,40.303,40.292,40.280,39.924,39.566,39.033,38.498,38.370,38.241,38.241,38.241,37.573,36.901,35.640,34.365,34.038,33.710,33.759,33.807,33.844,33.880,34.111,34.341,34.426,34.510,35.245,35.974,36.913,37.843,37.843,37.843,37.408,36.972,36.699,36.427,36.332,36.236,36.296,36.355,36.332,36.308,36.664,37.019,37.054,37.090,37.913,38.731,38.964,39.196,39.149,39.103,39.010,38.917,39.912,40.899,40.773,40.647,39.589,38.521,38.276,38.031,38.007,37.984,38.253,38.521,38.603,38.684,38.824,38.964,38.859,38.754,38.533,38.311,38.218,38.124,37.796,37.467,38.451,39.427,40.292,41.150,40.705,40.257,39.427,38.591,38.229,37.866,37.949,38.031,38.486,38.940,39.578,40.211,41.150,42.081,42.443,42.803,41.730,40.647,39.751,38.847,38.743,38.638,38.801,38.964,38.346,37.726,37.808,37.890,37.866,37.843,37.467,37.090,36.877,36.664,36.474,36.284,36.344,36.403,36.260,36.117,36.865,37.608,37.749,37.890,36.948,35.998,35.652,35.305,34.944,34.583,34.547,34.510,34.824,35.137,35.748,36.355,37.314,38.264,39.947,41.605,43.106,44.589,43.565,42.533,42.702,42.871,43.039,43.207,43.174,43.140,42.002,40.853,40.257,39.658,39.520,39.381,39.958,40.533,41.332,42.127,43.174,44.212,44.744,45.274,44.877,44.478,46.272,48.041,48.771,49.497,49.540,49.582,49.135,48.685,48.653,48.621,48.256,47.890,47.728,47.566,48.127,48.685,48.910,49.135,48.148,47.154,46.316,45.472,44.998,44.522,45.142,45.758,46.261,46.763,46.981,47.198,47.133,47.067,46.010,44.943,43.688,42.420,41.753,41.082,40.682,40.280,40.269,40.257,39.993,39.728,39.393,39.056,39.161,39.265,39.381,39.497,39.693,39.889,39.612,39.335,39.277,39.219,39.219,39.219,39.184,39.149,38.952,38.754,38.812,38.871,38.696,38.521,38.650
,55.864,55.499,55.133,55.183,55.234,55.362,55.489,56.011,56.532,56.673,56.814,56.345,55.875,56.118,56.360,56.537,56.713,57.161,57.607,57.040,56.471,56.350,56.229,56.456,56.683,56.421,56.158,55.804,55.448,54.980,54.509,54.566,54.622,55.071,55.519,55.722,55.925,56.027,56.128,56.118,56.108,55.484,54.857,54.396,53.934,54.027,54.119,53.625,53.129,51.907,50.674,49.795,48.910,48.969,49.028,48.771,48.514,47.884,47.252,46.480,45.703,43.616,41.492,40.154,38.801,38.714,38.626,39.364,40.096,40.389,40.682,40.073,39.462,38.859,38.253,38.136,38.019,38.048,38.077,37.708,37.337,36.260,35.173,34.734,34.293,34.062,33.832,33.886,33.941,34.178,34.414,34.728,35.041,35.885,36.723,37.361,37.995,38.136,38.276,37.649,37.019,36.717,36.415,36.480,36.545,36.551,36.557,36.468,36.379,36.605,36.830,36.924,37.019,37.596,38.171,38.218,38.264,38.253,38.241,38.259,38.276,38.975,39.670,39.630,39.589,38.911,38.229,38.200,38.171,38.153,38.136,38.574,39.010,39.161,39.312,39.196,39.080,38.975,38.871,38.696,38.521,38.393,38.264,37.972,37.679,38.340,38.998,39.595,40.188,39.935,39.682,39.323,38.964,38.405,37.843,37.626,37.408,37.602,37.796,38.358,38.917,39.930,40.933,41.662,42.386,41.315,40.234,39.427,38.615,38.626,38.638,39.126,39.612,38.975,38.335,38.294,38.253,38.001,37.749,37.443,37.137,36.966,36.794,36.545,36.296,36.332,36.367,36.225,36.082,36.847,37.608,37.596,37.585,36.800,36.010,35.550,35.089,34.830,34.571,34.559,34.547,34.776,35.005,35.377,35.748,36.510,37.267,38.754,40.223,41.832,43.420,42.989,42.556,42.730,42.904,42.983,43.061,42.848,42.634,41.929,41.218,40.716,40.211,40.183,40.154,40.447,40.739,41.241,41.742,43.067,44.378,44.794,45.208,45.020,44.832,46.136,47.425,48.347,49.263,49.529,49.795,49.471,49.145,48.600,48.051,47.701,47.349,47.143,46.937,47.425,47.911,48.261,48.610,47.804,46.991,46.119,45.241,45.020,44.799,45.323,45.845,46.376,46.904,47.506,48.105,48.283,48.460,46.796,45.108,43.861,42.601,41.940,41.275,40.830,40.384,40.298,40.211,39.820,39.427,39.213,38.998,39.149,39.300,39.450,39.601,39.895,40.188,39.866,39.543,39.294,39.045,39.016,38.987,38.888,38.789,38.754,38.719,38.789,38.859,38.911,38.964,39.144
,55.733,55.509,55.285,55.326,55.367,55.418,55.468,56.006,56.542,56.653,56.764,56.320,55.875,56.219,56.562,56.582,56.602,56.955,57.306,56.754,56.199,56.370,56.542,56.834,57.126,56.744,56.360,56.067,55.773,55.224,54.673,54.928,55.183,55.580,55.976,55.956,55.935,56.067,56.199,56.057,55.915,55.296,54.673,54.478,54.284,54.417,54.550,53.821,53.088,52.267,51.442,51.127,50.811,50.705,50.600,50.293,49.986,49.519,49.049,48.224,47.393,44.600,41.742,40.326,38.894,38.638,38.381,39.138,39.889,40.487,41.082,40.223,39.358,38.684,38.007,37.902,37.796,37.855,37.913,37.843,37.773,36.877,35.974,35.425,34.872,34.365,33.856,33.929,34.002,34.244,34.486,35.029,35.568,36.522,37.467,37.808,38.148,38.428,38.708,37.890,37.066,36.735,36.403,36.628,36.853,36.806,36.759,36.605,36.450,36.545,36.640,36.794,36.948,37.279,37.608,37.467,37.326,37.349,37.373,37.502,37.632,38.031,38.428,38.475,38.521,38.229,37.937,38.124,38.311,38.300,38.288,38.894,39.497,39.716,39.935,39.566,39.196,39.091,38.987,38.859,38.731,38.568,38.405,38.148,37.890,38.229,38.568,38.894,39.219,39.161,39.103,39.219,39.335,38.580,37.820,37.302,36.782,36.711,36.640,37.125,37.608,38.696,39.774,40.876,41.968,40.899,39.820,39.103,38.381,38.510,38.638,39.450,40.257,39.601,38.940,38.778,38.615,38.136,37.655,37.420,37.184,37.054,36.924,36.617,36.308,36.320,36.332,36.189,36.046,36.830,37.608,37.443,37.279,36.652,36.022,35.449,34.872,34.715,34.559,34.571,34.583,34.728,34.872,35.005,35.137,35.700,36.260,37.549,38.824,40.544,42.240,42.409,42.578,42.758,42.938,42.927,42.916,42.522,42.127,41.855,41.583,41.173,40.762,40.842,40.922,40.933,40.945,41.150,41.355,42.960,44.545,44.843,45.142,45.164,45.186,45.999,46.807,47.922,49.028,49.519,50.007,49.806,49.604,48.546,47.479,47.143,46.807,46.556,46.305,46.719,47.133,47.609,48.084,47.458,46.828,45.922,45.009,45.042,45.075,45.505,45.933,46.491,47.046,48.030,49.007,49.423,49.838,47.577,45.274,44.034,42.781,42.127,41.469,40.979,40.487,40.326,40.165,39.647,39.126,39.033,38.940,39.138,39.335,39.520,39.705,40.096,40.487,40.119,39.751,39.312,38.871,38.812,38.754,38.591,38.428,38.556,38.684,38.766,38.847,39.126,39.404,39.635
,55.540,55.524,55.509,55.524,55.540,55.352,55.163,55.687,56.209,56.481,56.754,56.300,55.844,56.148,56.451,56.375,56.300,56.764,57.226,56.623,56.016,56.194,56.370,56.653,56.935,56.749,56.562,56.209,55.854,55.529,55.204,55.341,55.479,55.667,55.854,55.910,55.966,56.022,56.077,55.946,55.814,55.082,54.345,54.273,54.202,54.443,54.683,53.878,53.067,52.445,51.819,51.578,51.337,51.153,50.969,50.515,50.060,49.513,48.964,48.245,47.523,44.877,42.172,40.619,39.045,38.638,38.229,38.923,39.612,40.516,41.412,40.779,40.142,39.097,38.042,37.802,37.561,37.538,37.514,37.585,37.655,37.113,36.569,36.022,35.473,35.053,34.631,34.607,34.583,34.703,34.824,35.371,35.915,36.859,37.796,37.966,38.136,38.550,38.964,38.224,37.479,37.149,36.818,36.907,36.995,37.001,37.007,36.699,36.391,36.433,36.474,36.587,36.699,37.084,37.467,37.302,37.137,37.066,36.995,37.102,37.208,37.825,38.440,38.615,38.789,38.492,38.194,38.212,38.229,38.434,38.638,38.818,38.998,39.254,39.508,39.149,38.789,38.998,39.207,39.085,38.964,38.644,38.323,38.031,37.737,37.673,37.608,37.902,38.194,38.358,38.521,38.615,38.708,38.177,37.643,37.048,36.450,36.391,36.332,36.628,36.924,37.902,38.871,39.572,40.269,39.658,39.045,38.550,38.054,38.358,38.661,39.335,40.004,39.317,38.626,38.329,38.031,37.749,37.467,37.037,36.605,36.498,36.391,36.213,36.034,36.040,36.046,35.885,35.724,36.326,36.924,36.800,36.676,36.266,35.855,35.449,35.041,35.017,34.992,34.920,34.848,34.824,34.800,34.926,35.053,35.574,36.094,36.966,37.831,39.178,40.510,40.990,41.469,42.070,42.668,42.663,42.657,42.064,41.469,41.378,41.287,41.247,41.207,41.384,41.560,41.327,41.093,41.139,41.184,42.409,43.621,43.750,43.878,43.766,43.655,44.223,44.788,46.108,47.414,48.197,48.974,48.809,48.643,47.593,46.534,46.026,45.516,45.224,44.932,44.954,44.976,45.549,46.119,45.928,45.736,45.235,44.733,44.799,44.866,45.241,45.615,46.589,47.555,48.578,49.593,49.593,49.593,47.127,44.611,43.822,43.028,42.522,42.013,41.344,40.670,40.539,40.407,39.837,39.265,39.091,38.917,39.149,39.381,39.682,39.981,40.280,40.579,40.171,39.762,39.288,38.812,38.702,38.591,38.527,38.463,38.585,38.708,38.865,39.022,39.312,39.601,39.734
,55.346,55.540,55.733,55.722,55.712,55.285,54.857,55.367,55.875,56.310,56.744,56.279,55.814,56.077,56.340,56.168,55.996,56.572,57.146,56.492,55.834,56.016,56.199,56.471,56.744,56.754,56.764,56.350,55.935,55.834,55.733,55.753,55.773,55.753,55.733,55.864,55.996,55.976,55.956,55.834,55.712,54.867,54.017,54.068,54.119,54.468,54.816,53.934,53.047,52.621,52.195,52.028,51.860,51.599,51.337,50.737,50.135,49.508,48.878,48.267,47.652,45.153,42.601,40.910,39.196,38.638,38.077,38.708,39.335,40.544,41.742,41.332,40.922,39.508,38.077,37.702,37.326,37.220,37.113,37.326,37.538,37.349,37.161,36.617,36.070,35.736,35.401,35.281,35.161,35.161,35.161,35.712,36.260,37.196,38.124,38.124,38.124,38.673,39.219,38.556,37.890,37.561,37.231,37.184,37.137,37.196,37.255,36.794,36.332,36.320,36.308,36.379,36.450,36.889,37.326,37.137,36.948,36.782,36.617,36.699,36.782,37.620,38.451,38.754,39.056,38.754,38.451,38.300,38.148,38.568,38.987,38.743,38.498,38.789,39.080,38.731,38.381,38.905,39.427,39.312,39.196,38.719,38.241,37.913,37.585,37.113,36.640,36.901,37.161,37.549,37.937,38.007,38.077,37.773,37.467,36.794,36.117,36.070,36.022,36.129,36.236,37.102,37.960,38.253,38.545,38.405,38.264,37.995,37.726,38.206,38.684,39.219,39.751,39.033,38.311,37.878,37.443,37.361,37.279,36.652,36.022,35.939,35.855,35.807,35.760,35.760,35.760,35.580,35.401,35.819,36.236,36.153,36.070,35.879,35.688,35.449,35.209,35.317,35.425,35.269,35.113,34.920,34.728,34.848,34.968,35.449,35.927,36.379,36.830,37.796,38.754,39.555,40.349,41.378,42.398,42.398,42.398,41.605,40.808,40.899,40.990,41.321,41.651,41.923,42.194,41.719,41.241,41.127,41.013,41.855,42.691,42.646,42.601,42.353,42.104,42.420,42.736,44.267,45.780,46.861,47.933,47.804,47.674,46.632,45.582,44.899,44.212,43.878,43.543,43.162,42.781,43.454,44.123,44.378,44.633,44.545,44.456,44.556,44.655,44.976,45.296,46.687,48.062,49.124,50.177,49.763,49.348,46.676,43.945,43.610,43.274,42.916,42.556,41.707,40.853,40.750,40.647,40.027,39.404,39.149,38.894,39.161,39.427,39.843,40.257,40.464,40.670,40.223,39.774,39.265,38.754,38.591,38.428,38.463,38.498,38.615,38.731,38.964,39.196,39.497,39.797,39.832
,54.949,55.158,55.367,55.341,55.316,54.801,54.284,54.913,55.540,56.047,56.552,56.108,55.662,55.717,55.773,55.484,55.194,55.692,56.188,55.859,55.529,55.646,55.763,55.996,56.229,56.290,56.350,56.118,55.885,55.890,55.895,55.875,55.854,55.697,55.540,55.844,56.148,55.920,55.692,55.458,55.224,54.591,53.955,54.042,54.130,54.350,54.571,54.053,53.533,53.036,52.538,52.673,52.808,52.064,51.316,50.463,49.604,48.723,47.836,47.143,46.447,44.406,42.330,40.876,39.404,39.126,38.847,39.427,40.004,41.253,42.488,42.200,41.912,40.367,38.801,37.990,37.172,36.960,36.747,36.847,36.948,36.836,36.723,36.480,36.236,36.153,36.070,35.801,35.532,35.437,35.341,35.706,36.070,36.747,37.420,37.749,38.077,38.702,39.323,38.929,38.533,38.136,37.737,37.602,37.467,37.414,37.361,36.842,36.320,36.225,36.129,36.195,36.260,36.640,37.019,37.019,37.019,36.978,36.936,36.895,36.853,37.349,37.843,38.054,38.264,38.066,37.866,37.954,38.042,38.463,38.882,38.282,37.679,37.773,37.866,37.796,37.726,38.264,38.801,38.795,38.789,38.305,37.820,37.414,37.007,36.717,36.427,36.699,36.972,37.302,37.632,37.643,37.655,37.461,37.267,36.682,36.094,35.933,35.772,35.867,35.963,36.694,37.420,37.561,37.702,37.702,37.702,37.520,37.337,37.720,38.101,38.393,38.684,38.142,37.596,37.379,37.161,36.966,36.771,36.225,35.676,35.562,35.449,35.359,35.269,35.323,35.377,35.305,35.233,35.598,35.963,35.867,35.772,35.682,35.592,35.586,35.580,35.634,35.688,35.670,35.652,35.407,35.161,35.263,35.365,35.855,36.344,36.474,36.605,37.308,38.007,38.550,39.091,40.165,41.230,41.281,41.332,41.070,40.808,41.019,41.230,41.531,41.832,42.087,42.341,41.713,41.082,41.013,40.945,41.520,42.093,41.895,41.696,41.406,41.116,41.247,41.378,42.623,43.855,45.059,46.250,46.261,46.272,45.675,45.075,44.384,43.688,43.330,42.972,42.460,41.946,42.223,42.499,43.050,43.599,43.956,44.312,44.367,44.423,44.655,44.888,46.103,47.306,48.659,49.997,49.540,49.081,46.502,43.867,43.291,42.713,42.375,42.036,41.440,40.842,40.676,40.510,40.039,39.566,39.312,39.056,39.393,39.728,40.085,40.441,40.659,40.876,40.458,40.039,39.456,38.871,38.760,38.650,38.650,38.650,38.655,38.661,38.795,38.929,39.201,39.474,39.583
,54.550,54.775,55.000,54.959,54.918,54.314,53.708,54.458,55.204,55.783,56.360,55.935,55.509,55.357,55.204,54.796,54.386,54.806,55.224,55.224,55.224,55.275,55.326,55.519,55.712,55.824,55.935,55.885,55.834,55.946,56.057,55.996,55.935,55.641,55.346,55.824,56.300,55.864,55.428,55.082,54.734,54.314,53.893,54.017,54.140,54.232,54.325,54.171,54.017,53.450,52.881,53.316,53.749,52.528,51.295,50.188,49.071,47.933,46.785,46.010,45.230,43.655,42.059,40.842,39.612,39.612,39.612,40.142,40.670,41.957,43.230,43.061,42.893,41.218,39.520,38.276,37.019,36.699,36.379,36.367,36.355,36.320,36.284,36.344,36.403,36.569,36.735,36.320,35.903,35.712,35.520,35.700,35.879,36.296,36.711,37.373,38.031,38.731,39.427,39.300,39.172,38.708,38.241,38.019,37.796,37.632,37.467,36.889,36.308,36.129,35.951,36.010,36.070,36.391,36.711,36.901,37.090,37.172,37.255,37.090,36.924,37.078,37.231,37.349,37.467,37.373,37.279,37.608,37.937,38.358,38.778,37.820,36.853,36.747,36.640,36.853,37.066,37.620,38.171,38.276,38.381,37.890,37.396,36.913,36.427,36.320,36.213,36.498,36.782,37.054,37.326,37.279,37.231,37.149,37.066,36.569,36.070,35.795,35.520,35.604,35.688,36.284,36.877,36.865,36.853,36.995,37.137,37.043,36.948,37.231,37.514,37.561,37.608,37.243,36.877,36.877,36.877,36.569,36.260,35.795,35.329,35.185,35.041,34.908,34.776,34.884,34.992,35.029,35.065,35.377,35.688,35.580,35.473,35.485,35.497,35.724,35.951,35.951,35.951,36.070,36.189,35.891,35.592,35.676,35.760,36.260,36.759,36.569,36.379,36.818,37.255,37.538,37.820,38.940,40.050,40.154,40.257,40.533,40.808,41.139,41.469,41.742,42.013,42.251,42.488,41.707,40.922,40.899,40.876,41.184,41.492,41.139,40.785,40.453,40.119,40.062,40.004,40.956,41.900,43.230,44.545,44.700,44.854,44.711,44.567,43.867,43.162,42.781,42.398,41.753,41.104,40.979,40.853,41.707,42.556,43.364,44.167,44.178,44.189,44.334,44.478,45.516,46.545,48.191,49.816,49.316,48.814,46.327,43.789,42.972,42.149,41.832,41.514,41.173,40.830,40.602,40.372,40.050,39.728,39.474,39.219,39.624,40.027,40.326,40.624,40.853,41.082,40.693,40.303,39.647,38.987,38.929,38.871,38.836,38.801,38.696,38.591,38.626,38.661,38.905,39.149,39.335
,53.718,53.811,53.904,53.976,54.047,53.486,52.922,53.728,54.530,55.020,55.509,55.056,54.601,54.340,54.078,53.388,52.694,52.870,53.047,53.352,53.656,54.176,54.693,55.209,55.722,55.961,56.199,56.163,56.128,56.138,56.148,56.016,55.885,55.596,55.306,55.443,55.580,54.969,54.355,53.965,53.574,53.507,53.440,53.548,53.656,53.873,54.089,54.022,53.955,53.305,52.652,53.052,53.450,52.252,51.043,49.869,48.685,47.852,47.013,46.108,45.197,43.844,42.477,41.673,40.865,40.968,41.070,41.293,41.514,42.702,43.878,43.811,43.744,42.098,40.430,39.074,37.702,37.013,36.320,36.213,36.106,36.040,35.974,36.129,36.284,36.599,36.913,36.670,36.427,36.171,35.915,35.921,35.927,36.361,36.794,37.520,38.241,38.940,39.635,39.375,39.115,38.591,38.066,37.808,37.549,37.320,37.090,36.587,36.082,35.969,35.855,35.801,35.748,36.040,36.332,36.676,37.019,37.296,37.573,37.078,36.581,36.729,36.877,36.989,37.102,37.390,37.679,37.755,37.831,37.966,38.101,37.326,36.545,36.254,35.963,36.135,36.308,36.646,36.983,37.526,38.066,37.591,37.113,36.658,36.201,36.403,36.605,36.729,36.853,37.096,37.337,37.390,37.443,37.426,37.408,36.788,36.165,35.843,35.520,35.682,35.843,36.332,36.818,36.800,36.782,36.871,36.960,36.883,36.806,36.978,37.149,37.090,37.031,36.771,36.510,36.569,36.628,36.367,36.106,35.664,35.221,35.077,34.932,34.866,34.800,34.776,34.752,34.830,34.908,35.143,35.377,35.365,35.353,35.473,35.592,35.784,35.974,35.897,35.819,35.879,35.939,35.843,35.748,36.076,36.403,36.699,36.995,36.551,36.106,36.320,36.534,36.812,37.090,37.978,38.859,39.207,39.555,40.367,41.173,41.662,42.149,42.347,42.544,42.341,42.138,41.258,40.372,40.504,40.636,41.156,41.673,41.236,40.796,40.234,39.670,39.728,39.785,40.453,41.116,42.234,43.342,43.989,44.633,44.738,44.843,44.139,43.431,43.202,42.972,42.206,41.435,41.327,41.218,42.313,43.398,43.900,44.400,44.300,44.201,44.095,43.989,44.550,45.108,46.768,48.406,48.175,47.944,45.736,43.487,42.584,41.673,41.133,40.590,40.269,39.947,40.033,40.119,40.045,39.970,39.757,39.543,39.895,40.246,40.722,41.196,41.236,41.275,41.047,40.819,40.269,39.716,39.462,39.207,39.033,38.859,38.748,38.638,38.603,38.568,38.737,38.905,39.265
,52.881,52.839,52.798,52.984,53.171,52.652,52.132,52.995,53.852,54.253,54.653,54.171,53.687,53.316,52.943,51.965,50.979,50.906,50.832,51.452,52.069,53.067,54.058,54.898,55.733,56.097,56.461,56.441,56.421,56.330,56.239,56.037,55.834,55.550,55.265,55.061,54.857,54.068,53.274,52.839,52.403,52.694,52.984,53.078,53.171,53.512,53.852,53.873,53.893,53.161,52.424,52.787,53.150,51.975,50.790,49.551,48.299,47.771,47.241,46.207,45.164,44.034,42.893,42.499,42.104,42.307,42.510,42.432,42.353,43.442,44.522,44.556,44.589,42.972,41.332,39.866,38.381,37.326,36.260,36.058,35.855,35.760,35.664,35.915,36.165,36.628,37.090,37.019,36.948,36.628,36.308,36.141,35.974,36.427,36.877,37.667,38.451,39.149,39.843,39.450,39.056,38.475,37.890,37.596,37.302,37.007,36.711,36.284,35.855,35.807,35.760,35.592,35.425,35.688,35.951,36.450,36.948,37.420,37.890,37.066,36.236,36.379,36.522,36.628,36.735,37.408,38.077,37.902,37.726,37.573,37.420,36.830,36.236,35.760,35.281,35.413,35.544,35.664,35.784,36.771,37.749,37.290,36.830,36.403,35.974,36.486,36.995,36.960,36.924,37.137,37.349,37.502,37.655,37.702,37.749,37.007,36.260,35.891,35.520,35.760,35.998,36.379,36.759,36.735,36.711,36.747,36.782,36.723,36.664,36.723,36.782,36.617,36.450,36.296,36.141,36.260,36.379,36.165,35.951,35.532,35.113,34.968,34.824,34.824,34.824,34.667,34.510,34.631,34.752,34.908,35.065,35.149,35.233,35.461,35.688,35.843,35.998,35.843,35.688,35.688,35.688,35.795,35.903,36.474,37.043,37.137,37.231,36.534,35.831,35.819,35.807,36.082,36.355,37.007,37.655,38.253,38.847,40.200,41.537,42.183,42.826,42.949,43.073,42.432,41.787,40.808,39.820,40.108,40.395,41.127,41.855,41.332,40.808,40.016,39.219,39.393,39.566,39.947,40.326,41.230,42.127,43.274,44.411,44.766,45.120,44.411,43.699,43.621,43.543,42.657,41.764,41.673,41.583,42.916,44.234,44.434,44.633,44.423,44.212,43.855,43.498,43.576,43.655,45.329,46.981,47.024,47.067,45.142,43.185,42.194,41.196,40.430,39.658,39.358,39.056,39.462,39.866,40.039,40.211,40.039,39.866,40.165,40.464,41.116,41.764,41.617,41.469,41.401,41.332,40.888,40.441,39.993,39.543,39.230,38.917,38.801,38.684,38.580,38.475,38.568,38.661,39.196
,51.683,51.803,51.923,51.923,51.923,51.316,50.705,51.599,52.486,52.953,53.419,52.876,52.330,51.928,51.526,50.684,49.838,49.524,49.209,49.986,50.758,52.257,53.739,54.668,55.590,56.077,56.562,56.739,56.915,56.663,56.411,55.991,55.570,55.107,54.642,53.888,53.129,52.517,51.902,51.829,51.756,52.127,52.497,52.736,52.974,53.274,53.574,53.826,54.078,53.181,52.278,52.278,52.278,51.505,50.727,49.800,48.867,48.498,48.127,47.138,46.141,45.103,44.056,43.766,43.476,43.487,43.498,43.162,42.826,43.493,44.156,44.056,43.956,42.927,41.889,40.602,39.300,38.077,36.842,36.534,36.225,36.004,35.784,35.974,36.165,36.682,37.196,37.379,37.561,37.143,36.723,36.409,36.094,36.486,36.877,37.514,38.148,38.900,39.647,39.230,38.812,38.247,37.679,37.290,36.901,36.682,36.462,36.165,35.867,35.712,35.556,35.383,35.209,35.449,35.688,36.034,36.379,36.599,36.818,36.747,36.676,37.066,37.455,37.314,37.172,37.767,38.358,37.954,37.549,37.249,36.948,36.759,36.569,36.213,35.855,35.969,36.082,36.016,35.951,36.753,37.549,37.226,36.901,36.664,36.427,36.960,37.491,37.420,37.349,37.373,37.396,37.443,37.491,37.520,37.549,36.735,35.915,35.604,35.293,35.664,36.034,36.302,36.569,36.462,36.355,36.528,36.699,36.699,36.699,36.628,36.557,36.391,36.225,36.106,35.986,36.076,36.165,36.058,35.951,35.503,35.053,34.968,34.884,34.830,34.776,34.667,34.559,34.607,34.655,34.746,34.836,34.902,34.968,35.221,35.473,35.586,35.700,35.514,35.329,35.215,35.101,35.191,35.281,35.795,36.308,36.290,36.272,35.700,35.125,35.335,35.544,35.801,36.058,36.688,37.314,37.837,38.358,39.687,41.002,41.537,42.070,42.059,42.047,41.469,40.888,40.160,39.427,39.987,40.544,41.509,42.465,41.940,41.412,40.567,39.716,39.543,39.369,40.050,40.727,41.821,42.904,44.089,45.263,45.389,45.516,45.081,44.644,44.201,43.755,43.090,42.420,42.724,43.028,44.062,45.086,44.965,44.843,44.473,44.100,43.498,42.893,42.775,42.657,43.867,45.064,45.268,45.472,44.039,42.589,41.696,40.796,40.085,39.369,39.248,39.126,39.491,39.855,40.246,40.636,40.487,40.338,40.487,40.636,41.167,41.696,41.605,41.514,41.878,42.240,41.844,41.446,40.859,40.269,39.687,39.103,39.027,38.952,38.905,38.859,38.929,38.998,39.537
,50.473,50.758,51.043,50.853,50.663,49.965,49.263,50.188,51.106,51.641,52.174,51.567,50.958,50.526,50.092,49.391,48.685,48.127,47.566,48.503,49.433,51.442,53.419,54.437,55.448,56.057,56.663,57.035,57.407,56.995,56.582,55.946,55.306,54.663,54.017,52.704,51.379,50.948,50.515,50.811,51.106,51.557,52.007,52.392,52.777,53.036,53.295,53.780,54.263,53.202,52.132,51.766,51.400,51.032,50.663,50.050,49.433,49.220,49.007,48.062,47.111,46.163,45.208,45.020,44.832,44.655,44.478,43.889,43.297,43.543,43.789,43.554,43.319,42.882,42.443,41.332,40.211,38.824,37.420,37.007,36.593,36.248,35.903,36.034,36.165,36.735,37.302,37.737,38.171,37.655,37.137,36.676,36.213,36.545,36.877,37.361,37.843,38.650,39.450,39.010,38.568,38.019,37.467,36.983,36.498,36.355,36.213,36.046,35.879,35.616,35.353,35.173,34.992,35.209,35.425,35.616,35.807,35.772,35.736,36.427,37.113,37.749,38.381,37.995,37.608,38.124,38.638,38.007,37.373,36.924,36.474,36.688,36.901,36.664,36.427,36.522,36.617,36.367,36.117,36.735,37.349,37.161,36.972,36.924,36.877,37.432,37.984,37.878,37.773,37.608,37.443,37.385,37.326,37.337,37.349,36.462,35.568,35.317,35.065,35.568,36.070,36.225,36.379,36.189,35.998,36.308,36.617,36.676,36.735,36.534,36.332,36.165,35.998,35.915,35.831,35.891,35.951,35.951,35.951,35.473,34.992,34.968,34.944,34.836,34.728,34.667,34.607,34.583,34.559,34.583,34.607,34.655,34.703,34.980,35.257,35.329,35.401,35.185,34.968,34.740,34.510,34.583,34.655,35.113,35.568,35.437,35.305,34.860,34.414,34.848,35.281,35.520,35.760,36.367,36.972,37.420,37.866,39.172,40.464,40.888,41.310,41.162,41.013,40.498,39.981,39.508,39.033,39.866,40.693,41.889,43.073,42.544,42.013,41.116,40.211,39.693,39.172,40.154,41.127,42.409,43.677,44.899,46.108,46.010,45.911,45.747,45.582,44.777,43.967,43.521,43.073,43.766,44.456,45.197,45.933,45.494,45.053,44.522,43.989,43.140,42.285,41.968,41.651,42.386,43.118,43.487,43.855,42.927,41.991,41.196,40.395,39.739,39.080,39.138,39.196,39.520,39.843,40.453,41.059,40.933,40.808,40.808,40.808,41.218,41.628,41.594,41.560,42.353,43.140,42.792,42.443,41.719,40.990,40.142,39.288,39.254,39.219,39.230,39.242,39.288,39.335,39.878
,49.316,49.593,49.869,49.604,49.337,48.567,47.793,48.476,49.156,50.018,50.874,50.230,49.582,49.385,49.188,48.530,47.868,47.252,46.632,47.550,48.460,50.790,53.078,54.202,55.316,56.006,56.693,57.030,57.367,56.930,56.492,55.885,55.275,54.417,53.553,51.840,50.103,49.385,48.664,49.151,49.636,50.579,51.515,52.064,52.611,53.041,53.471,54.191,54.908,53.594,52.267,51.478,50.684,50.415,50.145,49.917,49.689,49.896,50.103,49.199,48.288,47.105,45.911,46.015,46.119,45.675,45.230,44.400,43.565,43.179,42.792,42.336,41.878,41.458,41.036,40.234,39.427,38.451,37.467,37.119,36.771,36.272,35.772,35.837,35.903,36.403,36.901,37.491,38.077,37.708,37.337,36.723,36.106,36.379,36.652,36.918,37.184,38.071,38.952,38.498,38.042,37.514,36.983,36.634,36.284,36.427,36.569,36.415,36.260,35.897,35.532,35.263,34.992,35.335,35.676,35.622,35.568,35.329,35.089,36.361,37.620,38.060,38.498,37.972,37.443,37.602,37.761,37.438,37.113,36.983,36.853,37.102,37.349,36.989,36.628,36.788,36.948,36.859,36.771,37.167,37.561,37.573,37.585,37.508,37.432,37.696,37.960,37.778,37.596,37.296,36.995,36.907,36.818,36.705,36.593,35.879,35.161,35.029,34.896,35.365,35.831,35.933,36.034,35.903,35.772,36.141,36.510,36.587,36.664,36.456,36.248,36.195,36.141,35.998,35.855,35.718,35.580,35.508,35.437,35.023,34.607,34.673,34.740,34.673,34.607,34.559,34.510,34.468,34.426,34.414,34.402,34.408,34.414,34.722,35.029,35.077,35.125,34.884,34.643,34.347,34.050,34.056,34.062,34.450,34.836,34.848,34.860,34.601,34.341,34.661,34.980,35.305,35.628,36.373,37.113,37.214,37.314,38.171,39.022,39.583,40.142,40.257,40.372,40.045,39.716,39.213,38.708,39.364,40.016,41.196,42.364,42.381,42.398,41.463,40.521,39.924,39.323,40.338,41.344,42.843,44.323,45.092,45.856,45.703,45.549,45.230,44.910,44.262,43.610,43.314,43.017,43.872,44.722,45.444,46.163,45.944,45.725,45.004,44.278,43.078,41.866,41.378,40.888,41.304,41.719,42.030,42.341,41.730,41.116,40.624,40.131,39.693,39.254,39.283,39.312,39.941,40.567,41.127,41.685,41.384,41.082,41.099,41.116,41.452,41.787,41.951,42.115,42.736,43.353,43.319,43.286,42.268,41.241,40.407,39.566,39.583,39.601,39.687,39.774,39.803,39.832,40.401
,48.148,48.417,48.685,48.342,47.998,47.154,46.305,46.741,47.176,48.374,49.561,48.878,48.191,48.234,48.278,47.663,47.046,46.371,45.692,46.589,47.479,50.135,52.736,53.965,55.183,55.956,56.723,57.025,57.326,56.864,56.401,55.824,55.245,54.171,53.088,50.969,48.814,47.804,46.785,47.468,48.148,49.593,51.021,51.735,52.445,53.047,53.646,54.601,55.550,53.986,52.403,51.190,49.965,49.795,49.625,49.784,49.944,50.568,51.190,50.325,49.455,48.041,46.611,47.002,47.393,46.687,45.977,44.910,43.833,42.814,41.787,41.104,40.418,40.016,39.612,39.126,38.638,38.077,37.514,37.231,36.948,36.296,35.640,35.640,35.640,36.070,36.498,37.243,37.984,37.761,37.538,36.771,35.998,36.213,36.427,36.474,36.522,37.491,38.451,37.984,37.514,37.007,36.498,36.284,36.070,36.498,36.924,36.782,36.640,36.177,35.712,35.353,34.992,35.461,35.927,35.628,35.329,34.884,34.438,36.296,38.124,38.370,38.615,37.949,37.279,37.078,36.877,36.865,36.853,37.043,37.231,37.514,37.796,37.314,36.830,37.054,37.279,37.349,37.420,37.596,37.773,37.984,38.194,38.089,37.984,37.960,37.937,37.679,37.420,36.983,36.545,36.427,36.308,36.070,35.831,35.293,34.752,34.740,34.728,35.161,35.592,35.640,35.688,35.616,35.544,35.974,36.403,36.498,36.593,36.379,36.165,36.225,36.284,36.082,35.879,35.544,35.209,35.065,34.920,34.571,34.220,34.377,34.534,34.510,34.486,34.450,34.414,34.353,34.293,34.244,34.196,34.159,34.123,34.462,34.800,34.824,34.848,34.583,34.317,33.953,33.588,33.528,33.467,33.783,34.099,34.256,34.414,34.341,34.268,34.474,34.679,35.089,35.497,36.379,37.255,37.007,36.759,37.161,37.561,38.264,38.964,39.346,39.728,39.589,39.450,38.917,38.381,38.859,39.335,40.498,41.651,42.217,42.781,41.810,40.830,40.154,39.474,40.521,41.560,43.274,44.965,45.285,45.604,45.395,45.186,44.711,44.234,43.744,43.252,43.106,42.960,43.978,44.987,45.692,46.392,46.392,46.392,45.483,44.567,43.017,41.446,40.785,40.119,40.211,40.303,40.556,40.808,40.521,40.234,40.050,39.866,39.647,39.427,39.427,39.427,40.361,41.287,41.798,42.307,41.832,41.355,41.389,41.423,41.685,41.946,42.307,42.668,43.118,43.565,43.844,44.123,42.814,41.492,40.670,39.843,39.912,39.981,40.142,40.303,40.315,40.326,40.922
,46.796,46.926,47.057,46.665,46.272,45.488,44.700,45.031,45.362,46.627,47.879,47.625,47.371,47.268,47.165,46.665,46.163,45.653,45.142,46.043,46.937,49.545,52.101,53.465,54.816,55.621,56.421,56.769,57.116,56.834,56.552,55.971,55.387,54.063,52.725,50.463,48.159,47.008,45.845,46.474,47.100,48.723,50.325,51.085,51.840,52.538,53.233,54.453,55.662,53.811,51.934,50.188,48.417,48.170,47.922,48.498,49.071,49.901,50.727,49.827,48.921,47.636,46.338,46.866,47.393,47.008,46.621,45.576,44.522,43.375,42.217,41.201,40.177,39.791,39.404,39.080,38.754,38.066,37.373,36.907,36.439,35.945,35.449,35.646,35.843,36.034,36.225,36.759,37.290,37.078,36.865,36.314,35.760,35.831,35.903,35.980,36.058,37.019,37.972,37.455,36.936,36.444,35.951,35.849,35.748,36.165,36.581,36.545,36.510,36.415,36.320,35.885,35.449,35.790,36.129,36.117,36.106,35.556,35.005,36.254,37.491,37.796,38.101,38.025,37.949,37.543,37.137,37.019,36.901,37.178,37.455,37.532,37.608,37.302,36.995,37.261,37.526,37.455,37.385,37.708,38.031,38.148,38.264,38.224,38.183,38.089,37.995,37.538,37.078,36.782,36.486,36.320,36.153,36.010,35.867,35.239,34.607,34.649,34.691,35.023,35.353,35.389,35.425,35.389,35.353,35.730,36.106,36.165,36.225,36.332,36.439,36.516,36.593,36.332,36.070,35.526,34.980,34.830,34.679,34.353,34.026,34.214,34.402,34.522,34.643,34.583,34.522,34.323,34.123,34.105,34.087,34.008,33.929,34.317,34.703,34.559,34.414,34.196,33.978,33.753,33.528,33.424,33.320,33.692,34.062,34.244,34.426,34.486,34.547,34.685,34.824,35.233,35.640,36.385,37.125,36.765,36.403,36.747,37.090,37.708,38.323,38.615,38.905,38.853,38.801,38.387,37.972,38.218,38.463,39.543,40.613,41.361,42.104,41.293,40.475,40.131,39.785,40.950,42.104,43.554,44.987,45.015,45.042,44.478,43.911,43.582,43.252,42.809,42.364,42.296,42.228,43.213,44.189,44.943,45.692,46.010,46.327,45.609,44.888,43.269,41.628,40.830,40.027,39.895,39.762,39.976,40.188,39.953,39.716,39.653,39.589,39.531,39.474,39.612,39.751,40.642,41.526,41.895,42.262,41.787,41.310,41.583,41.855,42.550,43.241,43.621,44.000,44.084,44.167,44.367,44.567,43.196,41.810,41.013,40.211,40.407,40.602,40.933,41.264,41.509,41.753,42.257
,45.428,45.417,45.406,44.965,44.522,43.800,43.073,43.297,43.521,44.854,46.174,46.360,46.545,46.294,46.043,45.659,45.274,44.932,44.589,45.494,46.392,48.953,51.463,52.964,54.448,55.285,56.118,56.512,56.905,56.804,56.703,56.118,55.529,53.955,52.361,49.954,47.501,46.207,44.899,45.472,46.043,47.847,49.625,50.431,51.232,52.028,52.819,54.304,55.773,53.636,51.463,49.177,46.850,46.523,46.196,47.198,48.191,49.231,50.262,49.327,48.385,47.230,46.064,46.730,47.393,47.328,47.263,46.239,45.208,43.933,42.646,41.298,39.935,39.566,39.196,39.033,38.871,38.054,37.231,36.581,35.927,35.592,35.257,35.652,36.046,35.998,35.951,36.272,36.593,36.391,36.189,35.855,35.520,35.449,35.377,35.485,35.592,36.545,37.491,36.924,36.355,35.879,35.401,35.413,35.425,35.831,36.236,36.308,36.379,36.652,36.924,36.415,35.903,36.117,36.332,36.605,36.877,36.225,35.568,36.213,36.853,37.220,37.585,38.101,38.615,38.007,37.396,37.172,36.948,37.314,37.679,37.549,37.420,37.290,37.161,37.467,37.773,37.561,37.349,37.820,38.288,38.311,38.335,38.358,38.381,38.218,38.054,37.396,36.735,36.581,36.427,36.213,35.998,35.951,35.903,35.185,34.462,34.559,34.655,34.884,35.113,35.137,35.161,35.161,35.161,35.485,35.807,35.831,35.855,36.284,36.711,36.806,36.901,36.581,36.260,35.508,34.752,34.595,34.438,34.135,33.832,34.050,34.268,34.534,34.800,34.715,34.631,34.293,33.953,33.965,33.978,33.856,33.735,34.172,34.607,34.293,33.978,33.807,33.637,33.552,33.467,33.320,33.174,33.601,34.026,34.232,34.438,34.631,34.824,34.896,34.968,35.377,35.784,36.391,36.995,36.522,36.046,36.332,36.617,37.149,37.679,37.878,38.077,38.112,38.148,37.855,37.561,37.573,37.585,38.580,39.566,40.498,41.423,40.773,40.119,40.108,40.096,41.378,42.646,43.833,45.009,44.744,44.478,43.554,42.623,42.443,42.262,41.866,41.469,41.480,41.492,42.443,43.386,44.189,44.987,45.626,46.261,45.736,45.208,43.521,41.810,40.876,39.935,39.578,39.219,39.393,39.566,39.381,39.196,39.254,39.312,39.416,39.520,39.797,40.073,40.922,41.764,41.991,42.217,41.742,41.264,41.776,42.285,43.409,44.522,44.921,45.318,45.042,44.766,44.888,45.009,43.576,42.127,41.355,40.579,40.899,41.218,41.719,42.217,42.691,43.162,43.576
,44.644,44.267,43.889,43.509,43.129,42.544,41.957,42.098,42.240,43.532,44.810,45.208,45.604,45.626,45.648,45.241,44.832,44.744,44.655,45.664,46.665,48.723,50.748,52.195,53.625,54.422,55.214,55.925,56.633,56.562,56.492,55.733,54.969,53.445,51.902,49.487,47.024,46.010,44.987,45.433,45.878,47.550,49.199,49.928,50.653,51.478,52.299,53.847,55.377,52.979,50.537,48.261,45.944,45.571,45.197,46.207,47.208,48.401,49.582,48.889,48.191,46.839,45.472,46.239,47.002,47.404,47.804,46.817,45.823,44.760,43.688,42.392,41.082,40.636,40.188,39.895,39.601,38.772,37.937,37.220,36.498,36.135,35.772,36.219,36.664,36.646,36.628,36.534,36.439,36.046,35.652,35.413,35.173,35.023,34.872,34.938,35.005,35.646,36.284,35.945,35.604,35.407,35.209,35.556,35.903,36.028,36.153,36.195,36.236,36.522,36.806,36.415,36.022,36.231,36.439,36.699,36.960,36.640,36.320,36.765,37.208,37.925,38.638,39.085,39.531,38.632,37.726,37.502,37.279,37.432,37.585,37.685,37.784,37.502,37.220,37.226,37.231,37.137,37.043,37.591,38.136,38.153,38.171,38.025,37.878,37.702,37.526,37.096,36.664,36.528,36.391,36.563,36.735,36.332,35.927,35.161,34.389,34.408,34.426,34.715,35.005,34.986,34.968,35.107,35.245,35.455,35.664,35.598,35.532,36.112,36.688,36.717,36.747,36.468,36.189,35.562,34.932,34.601,34.268,33.996,33.722,33.947,34.172,34.383,34.595,34.553,34.510,34.232,33.953,33.868,33.783,33.698,33.613,33.880,34.147,33.868,33.588,33.607,33.625,33.607,33.588,33.595,33.601,33.886,34.172,34.305,34.438,34.643,34.848,35.077,35.305,35.514,35.724,35.998,36.272,35.974,35.676,35.980,36.284,36.812,37.337,37.585,37.831,37.872,37.913,37.673,37.432,37.402,37.373,38.188,38.998,39.682,40.361,40.022,39.682,39.970,40.257,41.520,42.769,43.972,45.164,44.633,44.100,43.230,42.353,42.059,41.764,41.418,41.070,41.139,41.207,41.923,42.634,43.364,44.089,44.700,45.307,44.937,44.567,43.235,41.889,40.842,39.785,39.427,39.068,39.213,39.358,39.283,39.207,39.283,39.358,39.410,39.462,39.710,39.958,40.602,41.241,41.526,41.810,41.531,41.253,41.980,42.702,43.783,44.854,45.400,45.944,45.373,44.799,44.622,44.445,43.179,41.900,41.509,41.116,41.583,42.047,42.781,43.509,43.683,43.855,44.239
,43.855,43.106,42.353,42.036,41.719,41.275,40.830,40.888,40.945,42.194,43.431,44.045,44.655,44.954,45.252,44.821,44.389,44.556,44.722,45.834,46.937,48.492,50.029,51.421,52.798,53.553,54.304,55.336,56.360,56.320,56.279,55.346,54.407,52.933,51.442,49.017,46.545,45.812,45.075,45.395,45.714,47.252,48.771,49.423,50.071,50.927,51.777,53.388,54.980,52.320,49.604,47.339,45.031,44.611,44.189,45.208,46.218,47.566,48.900,48.449,47.998,46.447,44.877,45.747,46.611,47.479,48.342,47.393,46.436,45.582,44.722,43.476,42.217,41.696,41.173,40.750,40.326,39.485,38.638,37.855,37.066,36.676,36.284,36.782,37.279,37.290,37.302,36.794,36.284,35.700,35.113,34.968,34.824,34.595,34.365,34.389,34.414,34.740,35.065,34.956,34.848,34.932,35.017,35.700,36.379,36.225,36.070,36.082,36.094,36.391,36.688,36.415,36.141,36.344,36.545,36.794,37.043,37.054,37.066,37.314,37.561,38.626,39.682,40.062,40.441,39.254,38.054,37.831,37.608,37.549,37.491,37.820,38.148,37.714,37.279,36.983,36.688,36.711,36.735,37.361,37.984,37.995,38.007,37.690,37.373,37.184,36.995,36.794,36.593,36.474,36.355,36.913,37.467,36.711,35.951,35.137,34.317,34.256,34.196,34.547,34.896,34.836,34.776,35.053,35.329,35.425,35.520,35.365,35.209,35.939,36.664,36.628,36.593,36.355,36.117,35.616,35.113,34.607,34.099,33.856,33.613,33.844,34.075,34.232,34.389,34.389,34.389,34.172,33.953,33.771,33.588,33.540,33.491,33.588,33.686,33.442,33.198,33.406,33.613,33.661,33.710,33.868,34.026,34.172,34.317,34.377,34.438,34.655,34.872,35.257,35.640,35.652,35.664,35.604,35.544,35.425,35.305,35.628,35.951,36.474,36.995,37.290,37.585,37.632,37.679,37.491,37.302,37.231,37.161,37.796,38.428,38.859,39.288,39.265,39.242,39.832,40.418,41.662,42.893,44.112,45.318,44.522,43.722,42.904,42.081,41.673,41.264,40.968,40.670,40.796,40.922,41.401,41.878,42.533,43.185,43.766,44.345,44.134,43.922,42.949,41.968,40.808,39.635,39.277,38.917,39.033,39.149,39.184,39.219,39.312,39.404,39.404,39.404,39.624,39.843,40.280,40.716,41.059,41.401,41.321,41.241,42.183,43.118,44.156,45.186,45.878,46.567,45.703,44.832,44.356,43.878,42.781,41.673,41.662,41.651,42.262,42.871,43.833,44.788,44.666,44.545,44.899
,43.833,43.005,42.172,41.537,40.899,40.516,40.131,40.252,40.372,41.548,42.713,43.576,44.434,45.031,45.626,45.213,44.799,44.959,45.120,46.250,47.371,48.519,49.657,50.763,51.860,52.585,53.305,54.037,54.765,54.658,54.550,53.656,52.756,51.447,50.124,48.245,46.338,45.637,44.932,45.351,45.769,47.252,48.718,49.097,49.476,50.309,51.137,52.158,53.171,50.478,47.728,46.245,44.744,44.173,43.599,44.694,45.780,47.295,48.793,48.315,47.836,46.480,45.108,46.026,46.937,48.041,49.135,48.342,47.544,46.540,45.527,44.461,43.386,42.736,42.081,41.566,41.047,40.286,39.520,38.882,38.241,37.608,36.972,37.196,37.420,37.284,37.149,36.622,36.094,35.497,34.896,34.691,34.486,34.323,34.159,34.111,34.062,34.383,34.703,34.770,34.836,35.035,35.233,35.730,36.225,36.117,36.010,35.951,35.891,36.052,36.213,36.064,35.915,36.403,36.889,37.066,37.243,37.337,37.432,37.520,37.608,38.778,39.935,39.976,40.016,39.225,38.428,38.130,37.831,38.177,38.521,38.708,38.894,37.643,36.379,36.123,35.867,36.112,36.355,37.054,37.749,37.890,38.031,37.661,37.290,36.954,36.617,36.427,36.236,36.415,36.593,37.355,38.112,37.367,36.617,35.479,34.329,34.341,34.353,34.516,34.679,34.794,34.908,35.245,35.580,35.610,35.640,35.449,35.257,35.712,36.165,36.135,36.106,36.016,35.927,35.491,35.053,34.637,34.220,33.953,33.686,33.801,33.917,34.038,34.159,34.184,34.208,34.008,33.807,33.704,33.601,33.497,33.393,33.460,33.528,33.381,33.235,33.412,33.588,33.905,34.220,34.232,34.244,34.420,34.595,34.613,34.631,34.806,34.980,35.227,35.473,35.371,35.269,35.167,35.065,35.089,35.113,35.508,35.903,36.444,36.983,37.237,37.491,37.679,37.866,37.954,38.042,37.960,37.878,38.165,38.451,38.760,39.068,39.149,39.230,39.849,40.464,41.583,42.691,43.883,45.064,44.650,44.234,43.426,42.612,42.110,41.605,41.127,40.647,40.710,40.773,41.287,41.798,42.443,43.084,43.213,43.342,43.028,42.713,42.076,41.435,40.544,39.647,39.341,39.033,39.115,39.196,39.225,39.254,39.306,39.358,39.410,39.462,39.491,39.520,39.947,40.372,40.768,41.162,41.196,41.230,42.093,42.949,44.078,45.197,45.785,46.371,45.488,44.600,43.922,43.241,42.415,41.583,41.730,41.878,42.702,43.521,44.267,45.009,44.738,44.467,44.628
,43.811,42.904,41.991,41.036,40.073,39.751,39.427,39.612,39.797,40.899,41.991,43.106,44.212,45.108,45.999,45.604,45.208,45.362,45.516,46.665,47.804,48.546,49.284,50.103,50.916,51.609,52.299,52.725,53.150,52.974,52.798,51.944,51.085,49.944,48.793,47.468,46.130,45.461,44.788,45.307,45.823,47.252,48.664,48.771,48.878,49.689,50.494,50.916,51.337,48.610,45.823,45.142,44.456,43.733,43.005,44.178,45.340,47.024,48.685,48.181,47.674,46.512,45.340,46.305,47.263,48.600,49.923,49.284,48.643,47.490,46.327,45.439,44.545,43.766,42.983,42.375,41.764,41.082,40.395,39.901,39.404,38.533,37.655,37.608,37.561,37.279,36.995,36.450,35.903,35.293,34.679,34.414,34.147,34.050,33.953,33.832,33.710,34.026,34.341,34.583,34.824,35.137,35.449,35.760,36.070,36.010,35.951,35.819,35.688,35.712,35.736,35.712,35.688,36.462,37.231,37.337,37.443,37.620,37.796,37.726,37.655,38.929,40.188,39.889,39.589,39.196,38.801,38.428,38.054,38.801,39.543,39.589,39.635,37.573,35.473,35.257,35.041,35.508,35.974,36.747,37.514,37.784,38.054,37.632,37.208,36.723,36.236,36.058,35.879,36.355,36.830,37.796,38.754,38.019,37.279,35.819,34.341,34.426,34.510,34.486,34.462,34.752,35.041,35.437,35.831,35.795,35.760,35.532,35.305,35.485,35.664,35.640,35.616,35.676,35.736,35.365,34.992,34.667,34.341,34.050,33.759,33.759,33.759,33.844,33.929,33.978,34.026,33.844,33.661,33.637,33.613,33.454,33.296,33.332,33.369,33.320,33.271,33.418,33.564,34.147,34.728,34.595,34.462,34.667,34.872,34.848,34.824,34.956,35.089,35.197,35.305,35.089,34.872,34.728,34.583,34.752,34.920,35.389,35.855,36.415,36.972,37.184,37.396,37.726,38.054,38.416,38.778,38.684,38.591,38.533,38.475,38.661,38.847,39.033,39.219,39.866,40.510,41.503,42.488,43.655,44.810,44.777,44.744,43.945,43.140,42.544,41.946,41.287,40.624,40.624,40.624,41.173,41.719,42.353,42.983,42.657,42.330,41.912,41.492,41.196,40.899,40.280,39.658,39.404,39.149,39.196,39.242,39.265,39.288,39.300,39.312,39.416,39.520,39.358,39.196,39.612,40.027,40.475,40.922,41.070,41.218,42.002,42.781,44.000,45.208,45.692,46.174,45.274,44.367,43.487,42.601,42.047,41.492,41.798,42.104,43.140,44.167,44.700,45.230,44.810,44.389,44.356
,43.989,43.073,42.149,41.133,40.108,39.780,39.450,39.687,39.924,40.870,41.810,42.899,43.978,45.191,46.392,46.168,45.944,45.807,45.670,46.670,47.663,48.492,49.316,49.875,50.431,50.589,50.748,50.906,51.064,50.858,50.653,49.737,48.814,47.987,47.154,46.518,45.878,45.268,44.655,45.279,45.900,47.100,48.288,48.073,47.857,48.385,48.910,48.974,49.039,46.817,44.556,44.000,43.442,42.657,41.866,42.904,43.933,45.582,47.208,47.067,46.926,46.321,45.714,46.638,47.555,48.787,50.007,49.252,48.492,47.116,45.725,44.959,44.189,43.420,42.646,42.149,41.651,41.087,40.521,40.298,40.073,39.190,38.300,38.071,37.843,37.396,36.948,36.314,35.676,35.233,34.788,34.565,34.341,34.166,33.990,34.044,34.099,34.534,34.968,35.467,35.963,35.873,35.784,35.855,35.927,35.939,35.951,35.855,35.760,35.622,35.485,35.520,35.556,36.349,37.137,37.567,37.995,37.984,37.972,37.555,37.137,37.984,38.824,38.772,38.719,38.597,38.475,38.288,38.101,38.510,38.917,39.085,39.254,37.461,35.640,35.550,35.461,35.873,36.284,37.137,37.984,38.036,38.089,37.567,37.043,36.652,36.260,36.010,35.760,36.242,36.723,37.831,38.929,38.095,37.255,36.046,34.824,34.854,34.884,34.848,34.812,34.962,35.113,35.419,35.724,35.580,35.437,35.323,35.209,35.251,35.293,35.257,35.221,35.125,35.029,34.794,34.559,34.311,34.062,33.838,33.613,33.607,33.601,33.680,33.759,33.953,34.147,33.953,33.759,33.716,33.674,33.595,33.515,33.454,33.393,33.393,33.393,33.515,33.637,34.032,34.426,34.396,34.365,34.631,34.896,35.071,35.245,35.275,35.305,35.209,35.113,34.926,34.740,34.685,34.631,34.842,35.053,35.437,35.819,36.290,36.759,37.048,37.337,37.714,38.089,38.603,39.115,39.056,38.998,38.702,38.405,38.463,38.521,38.719,38.917,39.618,40.315,41.332,42.341,43.319,44.289,44.328,44.367,43.867,43.364,42.831,42.296,41.724,41.150,40.905,40.659,41.378,42.093,42.432,42.769,42.245,41.719,41.224,40.727,40.653,40.579,40.200,39.820,39.497,39.172,39.230,39.288,39.323,39.358,39.474,39.589,39.618,39.647,39.491,39.335,39.687,40.039,40.349,40.659,40.808,40.956,41.685,42.409,43.493,44.567,44.827,45.086,44.312,43.532,42.843,42.149,41.719,41.287,41.764,42.240,43.274,44.300,44.533,44.766,44.167,43.565,43.509
,44.167,43.241,42.307,41.230,40.142,39.809,39.474,39.762,40.050,40.842,41.628,42.691,43.744,45.274,46.785,46.730,46.676,46.250,45.823,46.676,47.523,48.439,49.348,49.646,49.944,49.561,49.177,49.060,48.942,48.707,48.471,47.490,46.502,45.999,45.494,45.560,45.626,45.075,44.522,45.252,45.977,46.948,47.911,47.371,46.828,47.067,47.306,47.002,46.698,44.998,43.274,42.848,42.420,41.571,40.716,41.617,42.510,44.123,45.714,45.944,46.174,46.130,46.086,46.970,47.847,48.974,50.092,49.220,48.342,46.741,45.120,44.478,43.833,43.073,42.307,41.923,41.537,41.093,40.647,40.693,40.739,39.843,38.940,38.533,38.124,37.514,36.901,36.177,35.449,35.173,34.896,34.715,34.534,34.281,34.026,34.256,34.486,35.041,35.592,36.344,37.090,36.605,36.117,35.951,35.784,35.867,35.951,35.891,35.831,35.532,35.233,35.329,35.425,36.236,37.043,37.796,38.545,38.346,38.148,37.385,36.617,37.031,37.443,37.643,37.843,37.995,38.148,38.148,38.148,38.218,38.288,38.580,38.871,37.349,35.807,35.843,35.879,36.236,36.593,37.526,38.451,38.288,38.124,37.502,36.877,36.581,36.284,35.963,35.640,36.129,36.617,37.866,39.103,38.171,37.231,36.272,35.305,35.281,35.257,35.209,35.161,35.173,35.185,35.401,35.616,35.365,35.113,35.113,35.113,35.017,34.920,34.872,34.824,34.571,34.317,34.220,34.123,33.953,33.783,33.625,33.467,33.454,33.442,33.515,33.588,33.929,34.268,34.062,33.856,33.795,33.735,33.735,33.735,33.576,33.418,33.467,33.515,33.613,33.710,33.917,34.123,34.196,34.268,34.595,34.920,35.293,35.664,35.592,35.520,35.221,34.920,34.764,34.607,34.643,34.679,34.932,35.185,35.485,35.784,36.165,36.545,36.913,37.279,37.702,38.124,38.789,39.450,39.427,39.404,38.871,38.335,38.264,38.194,38.405,38.615,39.369,40.119,41.162,42.194,42.983,43.766,43.878,43.989,43.789,43.588,43.118,42.646,42.161,41.673,41.184,40.693,41.583,42.465,42.510,42.556,41.832,41.104,40.533,39.958,40.108,40.257,40.119,39.981,39.589,39.196,39.265,39.335,39.381,39.427,39.647,39.866,39.820,39.774,39.624,39.474,39.762,40.050,40.223,40.395,40.544,40.693,41.367,42.036,42.983,43.922,43.956,43.989,43.342,42.691,42.194,41.696,41.389,41.082,41.730,42.375,43.409,44.434,44.367,44.300,43.521,42.736,42.657
,43.532,42.668,41.798,40.893,39.981,39.745,39.508,39.768,40.027,40.853,41.673,42.460,43.241,44.628,45.999,46.037,46.075,45.620,45.164,45.922,46.676,47.798,48.910,49.300,49.689,49.145,48.600,48.428,48.256,48.143,48.030,46.834,45.626,45.048,44.467,44.711,44.954,44.694,44.434,44.971,45.505,46.283,47.057,46.496,45.933,46.026,46.119,46.141,46.163,44.650,43.118,42.279,41.435,40.699,39.958,40.636,41.310,42.386,43.454,43.554,43.655,43.805,43.956,45.015,46.064,47.187,48.299,47.485,46.665,45.142,43.599,43.045,42.488,42.098,41.707,41.452,41.196,40.990,40.785,40.722,40.659,39.895,39.126,38.731,38.335,37.608,36.877,36.379,35.879,35.646,35.413,35.041,34.667,34.492,34.317,34.746,35.173,35.790,36.403,36.877,37.349,36.776,36.201,36.070,35.939,35.921,35.903,35.837,35.772,35.718,35.664,35.652,35.640,36.427,37.208,38.060,38.905,38.364,37.820,37.237,36.652,37.267,37.878,37.890,37.902,37.790,37.679,37.743,37.808,37.931,38.054,38.188,38.323,37.443,36.557,36.664,36.771,36.924,37.078,37.667,38.253,38.089,37.925,37.520,37.113,36.877,36.640,36.332,36.022,36.415,36.806,37.643,38.475,37.907,37.337,36.682,36.022,35.903,35.784,35.634,35.485,35.347,35.209,35.323,35.437,35.305,35.173,35.347,35.520,35.401,35.281,35.119,34.956,34.474,33.990,33.850,33.710,33.649,33.588,33.509,33.430,33.412,33.393,33.357,33.320,33.765,34.208,34.093,33.978,33.838,33.698,33.674,33.649,33.534,33.418,33.485,33.552,33.601,33.649,33.771,33.893,33.868,33.844,34.153,34.462,34.890,35.317,35.275,35.233,34.974,34.715,34.673,34.631,34.722,34.812,34.962,35.113,35.377,35.640,35.933,36.225,36.468,36.711,37.172,37.632,38.346,39.056,39.201,39.346,38.853,38.358,38.101,37.843,38.118,38.393,38.998,39.601,40.533,41.458,42.132,42.803,42.899,42.994,43.028,43.061,42.820,42.578,42.302,42.025,41.690,41.355,41.810,42.262,42.234,42.206,41.520,40.830,40.217,39.601,39.699,39.797,39.734,39.670,39.364,39.056,39.288,39.520,39.578,39.635,39.780,39.924,39.970,40.016,39.849,39.682,39.832,39.981,40.073,40.165,40.165,40.165,40.727,41.287,42.030,42.769,42.865,42.960,42.494,42.025,41.645,41.264,41.099,40.933,41.651,42.364,43.213,44.056,43.861,43.666,42.994,42.319,42.364
,42.893,42.093,41.287,40.556,39.820,39.682,39.543,39.774,40.004,40.865,41.719,42.228,42.736,43.978,45.208,45.340,45.472,44.987,44.500,45.164,45.823,47.154,48.471,48.953,49.433,48.728,48.019,47.793,47.566,47.577,47.587,46.174,44.744,44.089,43.431,43.855,44.278,44.312,44.345,44.689,45.031,45.615,46.196,45.615,45.031,44.976,44.921,45.274,45.626,44.300,42.960,41.707,40.441,39.820,39.196,39.647,40.096,40.624,41.150,41.116,41.082,41.435,41.787,43.028,44.256,45.373,46.480,45.725,44.965,43.521,42.059,41.594,41.127,41.116,41.104,40.979,40.853,40.888,40.922,40.750,40.579,39.947,39.312,38.929,38.545,37.702,36.853,36.581,36.308,36.117,35.927,35.365,34.800,34.703,34.607,35.233,35.855,36.534,37.208,37.408,37.608,36.948,36.284,36.189,36.094,35.974,35.855,35.784,35.712,35.903,36.094,35.974,35.855,36.617,37.373,38.323,39.265,38.381,37.491,37.090,36.688,37.502,38.311,38.136,37.960,37.585,37.208,37.337,37.467,37.643,37.820,37.796,37.773,37.538,37.302,37.479,37.655,37.608,37.561,37.808,38.054,37.890,37.726,37.538,37.349,37.172,36.995,36.699,36.403,36.699,36.995,37.420,37.843,37.643,37.443,37.090,36.735,36.522,36.308,36.058,35.807,35.520,35.233,35.245,35.257,35.245,35.233,35.580,35.927,35.784,35.640,35.365,35.089,34.377,33.661,33.479,33.296,33.345,33.393,33.393,33.393,33.369,33.345,33.198,33.051,33.601,34.147,34.123,34.099,33.880,33.661,33.613,33.564,33.491,33.418,33.503,33.588,33.588,33.588,33.625,33.661,33.540,33.418,33.710,34.002,34.486,34.968,34.956,34.944,34.728,34.510,34.583,34.655,34.800,34.944,34.992,35.041,35.269,35.497,35.700,35.903,36.022,36.141,36.640,37.137,37.902,38.661,38.975,39.288,38.836,38.381,37.937,37.491,37.831,38.171,38.626,39.080,39.901,40.716,41.275,41.832,41.912,41.991,42.262,42.533,42.522,42.510,42.443,42.375,42.194,42.013,42.036,42.059,41.957,41.855,41.207,40.556,39.901,39.242,39.288,39.335,39.346,39.358,39.138,38.917,39.312,39.705,39.774,39.843,39.912,39.981,40.119,40.257,40.073,39.889,39.901,39.912,39.924,39.935,39.785,39.635,40.085,40.533,41.070,41.605,41.764,41.923,41.639,41.355,41.093,40.830,40.808,40.785,41.571,42.353,43.017,43.677,43.353,43.028,42.465,41.900,42.070
,41.753,41.139,40.521,40.050,39.578,39.601,39.624,39.809,39.993,40.693,41.389,41.889,42.386,43.319,44.245,44.378,44.511,43.855,43.196,43.867,44.533,46.048,47.544,47.976,48.406,47.804,47.198,47.393,47.587,47.647,47.706,46.376,45.031,44.223,43.409,43.666,43.922,44.000,44.078,44.434,44.788,45.411,46.032,45.653,45.274,44.971,44.666,45.009,45.351,44.150,42.938,41.776,40.602,39.930,39.254,39.283,39.312,39.699,40.085,39.941,39.797,40.119,40.441,41.628,42.803,44.073,45.329,44.484,43.632,42.274,40.899,40.876,40.853,41.059,41.264,41.367,41.469,41.367,41.264,40.848,40.430,39.728,39.022,38.876,38.731,38.142,37.549,37.178,36.806,36.361,35.915,35.323,34.728,34.740,34.752,35.155,35.556,36.010,36.462,36.688,36.913,36.605,36.296,36.171,36.046,36.189,36.332,36.539,36.747,36.788,36.830,36.711,36.593,36.930,37.267,37.685,38.101,37.696,37.290,37.031,36.771,37.249,37.726,37.673,37.620,37.396,37.172,37.361,37.549,37.861,38.171,38.276,38.381,37.919,37.455,37.543,37.632,37.408,37.184,37.502,37.820,37.778,37.737,37.614,37.491,37.438,37.385,37.190,36.995,37.172,37.349,37.520,37.690,37.596,37.502,37.261,37.019,36.859,36.699,36.254,35.807,35.568,35.329,35.359,35.389,35.407,35.425,35.813,36.201,36.373,36.545,36.052,35.556,34.740,33.917,33.588,33.259,33.314,33.369,33.357,33.345,33.290,33.235,33.180,33.125,33.534,33.941,33.965,33.990,33.777,33.564,33.528,33.491,33.338,33.186,33.247,33.308,33.369,33.430,33.393,33.357,33.351,33.345,33.716,34.087,34.323,34.559,34.667,34.776,34.631,34.486,34.565,34.643,34.896,35.149,35.275,35.401,35.526,35.652,35.855,36.058,36.112,36.165,36.474,36.782,37.455,38.124,38.422,38.719,38.370,38.019,37.620,37.220,37.520,37.820,38.229,38.638,39.341,40.039,40.516,40.990,41.218,41.446,41.617,41.787,41.832,41.878,41.974,42.070,41.889,41.707,41.514,41.321,41.207,41.093,40.630,40.165,39.658,39.149,39.068,38.987,39.010,39.033,38.964,38.894,39.416,39.935,39.878,39.820,39.849,39.878,40.096,40.315,40.062,39.809,39.803,39.797,39.722,39.647,39.664,39.682,40.062,40.441,40.750,41.059,41.207,41.355,41.258,41.162,40.968,40.773,40.842,40.910,41.673,42.432,42.910,43.386,43.129,42.871,42.488,42.104,42.336
,40.602,40.177,39.751,39.543,39.335,39.520,39.705,39.843,39.981,40.521,41.059,41.548,42.036,42.657,43.274,43.409,43.543,42.713,41.878,42.556,43.230,44.932,46.611,46.991,47.371,46.872,46.371,46.991,47.609,47.717,47.825,46.578,45.318,44.356,43.386,43.476,43.565,43.688,43.811,44.178,44.545,45.208,45.867,45.692,45.516,44.965,44.411,44.744,45.075,44.000,42.916,41.844,40.762,40.039,39.312,38.917,38.521,38.766,39.010,38.754,38.498,38.789,39.080,40.211,41.332,42.758,44.167,43.230,42.285,41.013,39.728,40.154,40.579,41.002,41.423,41.753,42.081,41.844,41.605,40.945,40.280,39.508,38.731,38.824,38.917,38.580,38.241,37.773,37.302,36.605,35.903,35.281,34.655,34.776,34.896,35.077,35.257,35.485,35.712,35.963,36.213,36.260,36.308,36.153,35.998,36.403,36.806,37.290,37.773,37.667,37.561,37.443,37.326,37.243,37.161,37.043,36.924,37.007,37.090,36.972,36.853,36.995,37.137,37.208,37.279,37.208,37.137,37.385,37.632,38.077,38.521,38.754,38.987,38.300,37.608,37.608,37.608,37.208,36.806,37.196,37.585,37.667,37.749,37.690,37.632,37.702,37.773,37.679,37.585,37.643,37.702,37.620,37.538,37.549,37.561,37.432,37.302,37.196,37.090,36.450,35.807,35.616,35.425,35.473,35.520,35.568,35.616,36.046,36.474,36.960,37.443,36.735,36.022,35.101,34.172,33.698,33.222,33.284,33.345,33.320,33.296,33.210,33.125,33.161,33.198,33.467,33.735,33.807,33.880,33.674,33.467,33.442,33.418,33.186,32.953,32.990,33.027,33.149,33.271,33.161,33.051,33.161,33.271,33.722,34.172,34.159,34.147,34.377,34.607,34.534,34.462,34.547,34.631,34.992,35.353,35.556,35.760,35.784,35.807,36.010,36.213,36.201,36.189,36.308,36.427,37.007,37.585,37.866,38.148,37.902,37.655,37.302,36.948,37.208,37.467,37.831,38.194,38.778,39.358,39.751,40.142,40.521,40.899,40.968,41.036,41.139,41.241,41.503,41.764,41.583,41.401,40.990,40.579,40.453,40.326,40.050,39.774,39.416,39.056,38.847,38.638,38.673,38.708,38.789,38.871,39.520,40.165,39.981,39.797,39.785,39.774,40.073,40.372,40.050,39.728,39.705,39.682,39.520,39.358,39.543,39.728,40.039,40.349,40.430,40.510,40.647,40.785,40.876,40.968,40.842,40.716,40.876,41.036,41.776,42.510,42.803,43.095,42.904,42.713,42.510,42.307,42.601
,39.670,39.369,39.068,38.789,38.510,38.702,38.894,39.097,39.300,39.774,40.246,40.819,41.389,41.934,42.477,42.437,42.398,41.736,41.070,41.622,42.172,43.777,45.362,45.516,45.670,45.252,44.832,45.708,46.578,46.981,47.382,46.551,45.714,44.888,44.056,43.939,43.822,43.839,43.855,44.206,44.556,45.433,46.305,46.059,45.812,45.059,44.300,44.395,44.489,43.816,43.140,41.951,40.750,39.941,39.126,38.807,38.486,38.527,38.568,38.615,38.661,39.138,39.612,40.619,41.617,42.865,44.100,43.005,41.900,40.848,39.785,40.470,41.150,41.798,42.443,42.786,43.129,42.657,42.183,41.327,40.464,39.398,38.323,38.562,38.801,38.615,38.428,37.761,37.090,36.260,35.425,35.053,34.679,34.830,34.980,35.125,35.269,35.329,35.389,35.664,35.939,36.231,36.522,36.474,36.427,36.794,37.161,37.390,37.620,37.831,38.042,37.825,37.608,37.385,37.161,37.066,36.972,36.942,36.913,36.889,36.865,36.794,36.723,36.812,36.901,37.031,37.161,37.502,37.843,38.247,38.650,38.818,38.987,38.486,37.984,37.620,37.255,36.895,36.534,36.901,37.267,37.526,37.784,37.749,37.714,37.749,37.784,37.737,37.690,37.802,37.913,37.696,37.479,37.538,37.596,37.485,37.373,37.048,36.723,36.165,35.604,35.383,35.161,35.383,35.604,35.736,35.867,36.135,36.403,36.776,37.149,36.367,35.580,34.836,34.087,33.728,33.369,33.473,33.576,33.479,33.381,33.387,33.393,33.375,33.357,33.625,33.893,33.941,33.990,33.947,33.905,33.741,33.576,33.314,33.051,33.021,32.990,33.070,33.149,33.070,32.990,33.027,33.063,33.515,33.965,34.093,34.220,34.414,34.607,34.625,34.643,34.764,34.884,35.185,35.485,35.688,35.891,35.951,36.010,36.165,36.320,36.320,36.320,36.409,36.498,37.025,37.549,37.814,38.077,37.878,37.679,37.308,36.936,37.237,37.538,37.796,38.054,38.510,38.964,39.346,39.728,39.981,40.234,40.252,40.269,40.378,40.487,40.687,40.888,40.796,40.705,40.424,40.142,40.039,39.935,39.734,39.531,39.248,38.964,38.801,38.638,38.632,38.626,38.719,38.812,39.445,40.073,39.883,39.693,39.658,39.624,39.774,39.924,39.768,39.612,39.624,39.635,39.462,39.288,39.474,39.658,39.993,40.326,40.344,40.361,40.550,40.739,40.773,40.808,40.699,40.590,40.870,41.150,41.832,42.510,42.843,43.174,42.972,42.769,42.544,42.319,42.719
,38.731,38.556,38.381,38.031,37.679,37.878,38.077,38.346,38.615,39.022,39.427,40.085,40.739,41.207,41.673,41.458,41.241,40.750,40.257,40.682,41.104,42.612,44.100,44.023,43.945,43.610,43.274,44.411,45.538,46.239,46.937,46.523,46.108,45.417,44.722,44.400,44.078,43.989,43.900,44.234,44.567,45.659,46.741,46.425,46.108,45.153,44.189,44.045,43.900,43.632,43.364,42.059,40.739,39.843,38.940,38.696,38.451,38.288,38.124,38.475,38.824,39.485,40.142,41.025,41.900,42.972,44.034,42.781,41.514,40.682,39.843,40.785,41.719,42.589,43.454,43.811,44.167,43.465,42.758,41.707,40.647,39.288,37.913,38.300,38.684,38.650,38.615,37.749,36.877,35.915,34.944,34.824,34.703,34.884,35.065,35.173,35.281,35.173,35.065,35.365,35.664,36.201,36.735,36.794,36.853,37.184,37.514,37.491,37.467,37.995,38.521,38.206,37.890,37.526,37.161,37.090,37.019,36.877,36.735,36.806,36.877,36.593,36.308,36.415,36.522,36.853,37.184,37.620,38.054,38.416,38.778,38.882,38.987,38.673,38.358,37.632,36.901,36.581,36.260,36.605,36.948,37.385,37.820,37.808,37.796,37.796,37.796,37.796,37.796,37.960,38.124,37.773,37.420,37.526,37.632,37.538,37.443,36.901,36.355,35.879,35.401,35.149,34.896,35.293,35.688,35.903,36.117,36.225,36.332,36.593,36.853,35.998,35.137,34.571,34.002,33.759,33.515,33.661,33.807,33.637,33.467,33.564,33.661,33.588,33.515,33.783,34.050,34.075,34.099,34.220,34.341,34.038,33.735,33.442,33.149,33.051,32.953,32.990,33.027,32.978,32.929,32.892,32.855,33.308,33.759,34.026,34.293,34.450,34.607,34.715,34.824,34.980,35.137,35.377,35.616,35.819,36.022,36.117,36.213,36.320,36.427,36.439,36.450,36.510,36.569,37.043,37.514,37.761,38.007,37.855,37.702,37.314,36.924,37.267,37.608,37.761,37.913,38.241,38.568,38.940,39.312,39.439,39.566,39.531,39.497,39.612,39.728,39.866,40.004,40.004,40.004,39.855,39.705,39.624,39.543,39.416,39.288,39.080,38.871,38.754,38.638,38.591,38.545,38.650,38.754,39.369,39.981,39.785,39.589,39.531,39.474,39.474,39.474,39.485,39.497,39.543,39.589,39.404,39.219,39.404,39.589,39.947,40.303,40.257,40.211,40.453,40.693,40.670,40.647,40.556,40.464,40.865,41.264,41.889,42.510,42.882,43.252,43.039,42.826,42.578,42.330,42.837
,38.253,37.972,37.690,37.237,36.782,36.960,37.137,37.432,37.726,38.060,38.393,39.039,39.682,40.050,40.418,40.240,40.062,39.803,39.543,39.912,40.280,41.639,42.983,42.781,42.578,42.296,42.013,43.207,44.389,45.356,46.316,46.234,46.152,45.763,45.373,45.092,44.810,44.395,43.978,44.373,44.766,45.664,46.556,46.376,46.196,45.686,45.175,44.993,44.810,44.439,44.067,42.786,41.492,40.372,39.242,38.987,38.731,38.836,38.940,39.427,39.912,40.653,41.389,42.166,42.938,43.521,44.100,42.764,41.412,40.550,39.682,40.521,41.355,42.296,43.230,43.733,44.234,43.660,43.084,41.934,40.773,39.369,37.949,38.177,38.405,38.375,38.346,37.567,36.782,35.957,35.125,35.131,35.137,35.161,35.185,35.275,35.365,35.431,35.497,35.628,35.760,36.415,37.066,37.078,37.090,37.443,37.796,37.919,38.042,38.311,38.580,38.130,37.679,37.491,37.302,37.231,37.161,37.060,36.960,36.871,36.782,36.812,36.842,36.776,36.711,36.889,37.066,37.520,37.972,38.352,38.731,38.940,39.149,38.708,38.264,37.455,36.640,36.433,36.225,36.468,36.711,37.025,37.337,37.361,37.385,37.426,37.467,37.632,37.796,37.931,38.066,37.743,37.420,37.491,37.561,37.638,37.714,37.084,36.450,35.915,35.377,35.083,34.788,35.263,35.736,35.957,36.177,36.213,36.248,36.486,36.723,36.326,35.927,35.059,34.184,33.978,33.771,33.741,33.710,33.674,33.637,33.741,33.844,33.722,33.601,33.789,33.978,34.026,34.075,34.220,34.365,34.129,33.893,33.515,33.137,33.076,33.014,33.014,33.014,32.972,32.929,32.959,32.990,33.515,34.038,34.250,34.462,34.565,34.667,34.794,34.920,35.023,35.125,35.341,35.556,35.760,35.963,36.052,36.141,36.290,36.439,36.433,36.427,36.539,36.652,37.054,37.455,37.796,38.136,37.978,37.820,37.485,37.149,37.438,37.726,37.931,38.136,38.346,38.556,38.801,39.045,39.085,39.126,39.004,38.882,38.935,38.987,39.132,39.277,39.497,39.716,39.537,39.358,39.346,39.335,39.167,38.998,38.865,38.731,38.661,38.591,38.550,38.510,38.591,38.673,39.045,39.416,39.410,39.404,39.439,39.474,39.485,39.497,39.427,39.358,39.381,39.404,39.317,39.230,39.335,39.439,39.785,40.131,40.079,40.027,40.257,40.487,40.453,40.418,40.401,40.384,40.802,41.218,41.821,42.420,42.837,43.252,42.899,42.544,42.409,42.274,42.899
,37.773,37.385,36.995,36.439,35.879,36.034,36.189,36.510,36.830,37.090,37.349,37.984,38.615,38.882,39.149,39.010,38.871,38.847,38.824,39.138,39.450,40.659,41.855,41.526,41.196,40.968,40.739,41.991,43.230,44.467,45.692,45.944,46.196,46.108,46.021,45.780,45.538,44.799,44.056,44.511,44.965,45.670,46.371,46.327,46.283,46.218,46.152,45.933,45.714,45.241,44.766,43.509,42.240,40.899,39.543,39.277,39.010,39.381,39.751,40.372,40.990,41.810,42.623,43.297,43.967,44.067,44.167,42.747,41.310,40.418,39.520,40.257,40.990,42.002,43.005,43.655,44.300,43.855,43.409,42.161,40.899,39.450,37.984,38.054,38.124,38.101,38.077,37.385,36.688,35.998,35.305,35.437,35.568,35.437,35.305,35.377,35.449,35.688,35.927,35.891,35.855,36.628,37.396,37.361,37.326,37.702,38.077,38.346,38.615,38.626,38.638,38.054,37.467,37.455,37.443,37.373,37.302,37.243,37.184,36.936,36.688,37.031,37.373,37.137,36.901,36.924,36.948,37.420,37.890,38.288,38.684,38.998,39.312,38.743,38.171,37.279,36.379,36.284,36.189,36.332,36.474,36.664,36.853,36.913,36.972,37.054,37.137,37.467,37.796,37.902,38.007,37.714,37.420,37.455,37.491,37.737,37.984,37.267,36.545,35.951,35.353,35.017,34.679,35.233,35.784,36.010,36.236,36.201,36.165,36.379,36.593,36.652,36.711,35.544,34.365,34.196,34.026,33.820,33.613,33.710,33.807,33.917,34.026,33.856,33.686,33.795,33.905,33.978,34.050,34.220,34.389,34.220,34.050,33.588,33.125,33.100,33.076,33.039,33.002,32.965,32.929,33.027,33.125,33.722,34.317,34.474,34.631,34.679,34.728,34.872,35.017,35.065,35.113,35.305,35.497,35.700,35.903,35.986,36.070,36.260,36.450,36.427,36.403,36.569,36.735,37.066,37.396,37.831,38.264,38.101,37.937,37.655,37.373,37.608,37.843,38.101,38.358,38.451,38.545,38.661,38.778,38.731,38.684,38.475,38.264,38.253,38.241,38.393,38.545,38.987,39.427,39.219,39.010,39.068,39.126,38.917,38.708,38.650,38.591,38.568,38.545,38.510,38.475,38.533,38.591,38.719,38.847,39.033,39.219,39.346,39.474,39.497,39.520,39.369,39.219,39.219,39.219,39.230,39.242,39.265,39.288,39.624,39.958,39.901,39.843,40.062,40.280,40.234,40.188,40.246,40.303,40.739,41.173,41.753,42.330,42.792,43.252,42.758,42.262,42.240,42.217,42.960
,37.855,37.367,36.877,36.361,35.843,35.772,35.700,35.986,36.272,36.415,36.557,37.043,37.526,37.790,38.054,38.007,37.960,37.995,38.031,38.702,39.369,40.481,41.583,41.384,41.184,40.819,40.453,41.412,42.364,43.470,44.567,45.158,45.747,45.906,46.064,45.845,45.626,45.004,44.378,44.727,45.075,45.719,46.360,46.562,46.763,46.812,46.861,46.736,46.611,46.048,45.483,44.295,43.095,41.742,40.372,40.211,40.050,40.624,41.196,41.968,42.736,43.134,43.532,43.632,43.733,43.576,43.420,42.013,40.590,39.785,38.975,39.676,40.372,41.241,42.104,42.702,43.297,42.921,42.544,41.509,40.464,39.479,38.486,38.393,38.300,38.153,38.007,37.485,36.960,36.373,35.784,35.700,35.616,35.550,35.485,35.526,35.568,35.760,35.951,36.106,36.260,36.889,37.514,37.679,37.843,38.165,38.486,38.772,39.056,38.760,38.463,37.831,37.196,37.284,37.373,37.614,37.855,37.726,37.596,37.426,37.255,37.591,37.925,37.496,37.066,36.907,36.747,37.172,37.596,38.089,38.580,38.766,38.952,38.475,37.995,37.396,36.794,36.788,36.782,36.836,36.889,36.824,36.759,36.776,36.794,36.913,37.031,37.438,37.843,37.778,37.714,37.520,37.326,37.326,37.326,37.579,37.831,37.202,36.569,36.183,35.795,35.526,35.257,35.730,36.201,36.468,36.735,36.563,36.391,36.634,36.877,36.830,36.782,35.706,34.619,34.389,34.159,34.014,33.868,33.990,34.111,34.117,34.123,33.941,33.759,33.753,33.747,33.747,33.747,33.850,33.953,33.868,33.783,33.607,33.430,33.424,33.418,33.314,33.210,33.247,33.284,33.454,33.625,34.214,34.800,34.830,34.860,34.794,34.728,34.866,35.005,35.047,35.089,35.359,35.628,35.766,35.903,35.939,35.974,36.153,36.332,36.296,36.260,36.338,36.415,36.759,37.102,37.579,38.054,37.913,37.773,37.591,37.408,37.702,37.995,38.235,38.475,38.405,38.335,38.440,38.545,38.574,38.603,38.399,38.194,38.171,38.148,38.165,38.183,38.480,38.778,38.609,38.440,38.533,38.626,38.568,38.510,38.451,38.393,38.387,38.381,38.387,38.393,38.329,38.264,38.480,38.696,38.894,39.091,39.178,39.265,39.335,39.404,39.271,39.138,39.138,39.138,39.155,39.172,39.207,39.242,39.468,39.693,39.670,39.647,39.849,40.050,40.010,39.970,40.154,40.338,40.733,41.127,41.605,42.081,42.494,42.904,42.567,42.228,42.217,42.206,42.932
,37.937,37.349,36.759,36.284,35.807,35.508,35.209,35.461,35.712,35.736,35.760,36.094,36.427,36.688,36.948,36.995,37.043,37.137,37.231,38.264,39.288,40.303,41.310,41.241,41.173,40.670,40.165,40.830,41.492,42.465,43.431,44.367,45.296,45.703,46.108,45.911,45.714,45.208,44.700,44.943,45.186,45.769,46.349,46.796,47.241,47.404,47.566,47.533,47.501,46.850,46.196,45.075,43.945,42.578,41.196,41.139,41.082,41.855,42.623,43.543,44.456,44.445,44.434,43.967,43.498,43.084,42.668,41.275,39.866,39.149,38.428,39.091,39.751,40.475,41.196,41.742,42.285,41.980,41.673,40.853,40.027,39.508,38.987,38.731,38.475,38.206,37.937,37.585,37.231,36.747,36.260,35.963,35.664,35.664,35.664,35.676,35.688,35.831,35.974,36.320,36.664,37.149,37.632,37.995,38.358,38.626,38.894,39.196,39.497,38.894,38.288,37.608,36.924,37.113,37.302,37.855,38.405,38.206,38.007,37.913,37.820,38.148,38.475,37.855,37.231,36.889,36.545,36.924,37.302,37.890,38.475,38.533,38.591,38.206,37.820,37.514,37.208,37.290,37.373,37.337,37.302,36.983,36.664,36.640,36.617,36.771,36.924,37.408,37.890,37.655,37.420,37.326,37.231,37.196,37.161,37.420,37.679,37.137,36.593,36.415,36.236,36.034,35.831,36.225,36.617,36.924,37.231,36.924,36.617,36.889,37.161,37.007,36.853,35.867,34.872,34.583,34.293,34.208,34.123,34.268,34.414,34.317,34.220,34.026,33.832,33.710,33.588,33.515,33.442,33.479,33.515,33.515,33.515,33.625,33.735,33.747,33.759,33.588,33.418,33.528,33.637,33.880,34.123,34.703,35.281,35.185,35.089,34.908,34.728,34.860,34.992,35.029,35.065,35.413,35.760,35.831,35.903,35.891,35.879,36.046,36.213,36.165,36.117,36.106,36.094,36.450,36.806,37.326,37.843,37.726,37.608,37.526,37.443,37.796,38.148,38.370,38.591,38.358,38.124,38.218,38.311,38.416,38.521,38.323,38.124,38.089,38.054,37.937,37.820,37.972,38.124,37.995,37.866,37.995,38.124,38.218,38.311,38.253,38.194,38.206,38.218,38.264,38.311,38.124,37.937,38.241,38.545,38.754,38.964,39.010,39.056,39.172,39.288,39.172,39.056,39.056,39.056,39.080,39.103,39.149,39.196,39.312,39.427,39.439,39.450,39.635,39.820,39.785,39.751,40.062,40.372,40.727,41.082,41.458,41.832,42.194,42.556,42.375,42.194,42.194,42.194,42.904
,38.358,37.573,36.782,36.231,35.676,35.449,35.221,35.329,35.437,35.497,35.556,35.819,36.082,36.320,36.557,36.439,36.320,36.628,36.936,37.990,39.033,40.206,41.367,41.384,41.401,41.133,40.865,40.922,40.979,41.622,42.262,43.084,43.900,44.461,45.020,45.086,45.153,45.026,44.899,45.219,45.538,46.064,46.589,47.122,47.652,47.787,47.922,47.571,47.219,46.660,46.097,45.219,44.334,43.106,41.866,41.611,41.355,42.369,43.375,44.251,45.120,44.993,44.866,43.961,43.050,42.499,41.946,40.865,39.774,39.329,38.882,39.433,39.981,40.367,40.750,40.859,40.968,40.602,40.234,39.843,39.450,39.138,38.824,38.690,38.556,38.387,38.218,37.784,37.349,36.812,36.272,35.974,35.676,35.801,35.927,35.903,35.879,36.070,36.260,36.682,37.102,37.467,37.831,38.107,38.381,38.679,38.975,39.120,39.265,38.818,38.370,37.714,37.054,37.508,37.960,38.463,38.964,38.661,38.358,38.124,37.890,38.048,38.206,37.726,37.243,36.907,36.569,36.747,36.924,37.461,37.995,38.264,38.533,38.270,38.007,37.620,37.231,37.320,37.408,37.432,37.455,37.119,36.782,36.622,36.462,36.658,36.853,37.373,37.890,37.514,37.137,36.936,36.735,36.907,37.078,37.143,37.208,36.865,36.522,36.486,36.450,36.444,36.439,36.735,37.031,37.167,37.302,37.048,36.794,36.753,36.711,36.504,36.296,35.538,34.776,34.510,34.244,34.202,34.159,34.268,34.377,34.293,34.208,34.020,33.832,33.686,33.540,33.485,33.430,33.418,33.406,33.399,33.393,33.668,33.941,34.008,34.075,33.795,33.515,33.637,33.759,34.081,34.402,34.866,35.329,35.293,35.257,35.089,34.920,35.161,35.401,35.323,35.245,35.491,35.736,35.748,35.760,35.766,35.772,35.897,36.022,35.986,35.951,35.939,35.927,36.236,36.545,36.901,37.255,37.308,37.361,37.308,37.255,37.667,38.077,38.253,38.428,38.183,37.937,37.990,38.042,38.171,38.300,38.171,38.042,37.966,37.890,37.737,37.585,37.591,37.596,37.573,37.549,37.714,37.878,38.001,38.124,38.036,37.949,38.007,38.066,38.107,38.148,38.054,37.960,38.224,38.486,38.550,38.615,38.743,38.871,38.946,39.022,39.004,38.987,39.004,39.022,39.027,39.033,39.033,39.033,39.161,39.288,39.254,39.219,39.346,39.474,39.543,39.612,39.970,40.326,40.602,40.876,41.093,41.310,41.611,41.912,41.951,41.991,42.076,42.161,42.758
,38.778,37.796,36.806,36.177,35.544,35.389,35.233,35.197,35.161,35.257,35.353,35.544,35.736,35.951,36.165,35.879,35.592,36.117,36.640,37.714,38.778,40.108,41.423,41.526,41.628,41.594,41.560,41.013,40.464,40.773,41.082,41.787,42.488,43.207,43.922,44.256,44.589,44.843,45.097,45.494,45.889,46.360,46.828,47.447,48.062,48.170,48.278,47.609,46.937,46.469,45.999,45.362,44.722,43.632,42.533,42.081,41.628,42.882,44.123,44.954,45.780,45.538,45.296,43.956,42.601,41.912,41.218,40.453,39.682,39.508,39.335,39.774,40.211,40.257,40.303,39.970,39.635,39.207,38.778,38.824,38.871,38.766,38.661,38.650,38.638,38.568,38.498,37.984,37.467,36.877,36.284,35.986,35.688,35.939,36.189,36.129,36.070,36.308,36.545,37.043,37.538,37.784,38.031,38.218,38.405,38.731,39.056,39.045,39.033,38.743,38.451,37.820,37.184,37.902,38.615,39.068,39.520,39.115,38.708,38.335,37.960,37.949,37.937,37.596,37.255,36.924,36.593,36.569,36.545,37.031,37.514,37.995,38.475,38.335,38.194,37.726,37.255,37.349,37.443,37.526,37.608,37.255,36.901,36.605,36.308,36.545,36.782,37.337,37.890,37.373,36.853,36.545,36.236,36.617,36.995,36.865,36.735,36.593,36.450,36.557,36.664,36.853,37.043,37.243,37.443,37.408,37.373,37.172,36.972,36.617,36.260,35.998,35.736,35.209,34.679,34.438,34.196,34.196,34.196,34.268,34.341,34.268,34.196,34.014,33.832,33.661,33.491,33.454,33.418,33.357,33.296,33.284,33.271,33.710,34.147,34.268,34.389,34.002,33.613,33.747,33.880,34.281,34.679,35.029,35.377,35.401,35.425,35.269,35.113,35.461,35.807,35.616,35.425,35.568,35.712,35.664,35.616,35.640,35.664,35.748,35.831,35.807,35.784,35.772,35.760,36.022,36.284,36.474,36.664,36.889,37.113,37.090,37.066,37.538,38.007,38.136,38.264,38.007,37.749,37.761,37.773,37.925,38.077,38.019,37.960,37.843,37.726,37.538,37.349,37.208,37.066,37.149,37.231,37.432,37.632,37.784,37.937,37.820,37.702,37.808,37.913,37.949,37.984,37.984,37.984,38.206,38.428,38.346,38.264,38.475,38.684,38.719,38.754,38.836,38.917,38.952,38.987,38.975,38.964,38.917,38.871,39.010,39.149,39.068,38.987,39.056,39.126,39.300,39.474,39.878,40.280,40.475,40.670,40.727,40.785,41.025,41.264,41.526,41.787,41.957,42.127,42.612
,39.300,38.300,37.290,36.563,35.831,35.664,35.497,35.491,35.485,35.532,35.580,35.676,35.772,35.945,36.117,35.801,35.485,35.933,36.379,37.485,38.580,39.860,41.127,41.378,41.628,41.690,41.753,41.070,40.384,40.160,39.935,40.498,41.059,41.872,42.679,43.202,43.722,44.201,44.677,44.993,45.307,45.812,46.316,47.013,47.706,47.463,47.219,46.452,45.681,45.318,44.954,44.456,43.956,43.162,42.364,42.110,41.855,42.786,43.710,44.672,45.626,45.417,45.208,43.738,42.251,41.577,40.899,40.355,39.809,39.906,40.004,40.475,40.945,40.750,40.556,39.785,39.010,38.644,38.276,38.259,38.241,38.194,38.148,38.317,38.486,38.550,38.615,38.393,38.171,37.390,36.605,36.231,35.855,36.088,36.320,36.355,36.391,36.747,37.102,37.549,37.995,38.153,38.311,38.200,38.089,38.229,38.370,38.375,38.381,38.329,38.276,37.966,37.655,38.335,39.010,39.277,39.543,38.894,38.241,37.890,37.538,37.638,37.737,37.626,37.514,37.131,36.747,36.634,36.522,36.883,37.243,37.755,38.264,38.042,37.820,37.473,37.125,37.237,37.349,37.367,37.385,37.167,36.948,36.776,36.605,36.806,37.007,37.385,37.761,37.543,37.326,36.901,36.474,36.788,37.102,37.013,36.924,36.830,36.735,36.794,36.853,37.137,37.420,37.337,37.255,37.143,37.031,36.913,36.794,36.605,36.415,36.016,35.616,35.233,34.848,34.661,34.474,34.262,34.050,34.178,34.305,34.341,34.377,34.166,33.953,33.698,33.442,33.357,33.271,33.296,33.320,33.454,33.588,33.789,33.990,34.111,34.232,33.862,33.491,33.747,34.002,34.329,34.655,34.836,35.017,35.185,35.353,35.383,35.413,35.682,35.951,35.706,35.461,35.491,35.520,35.526,35.532,35.586,35.640,35.766,35.891,35.873,35.855,35.843,35.831,35.986,36.141,36.266,36.391,36.551,36.711,36.741,36.771,37.237,37.702,37.843,37.984,37.731,37.479,37.449,37.420,37.638,37.855,37.831,37.808,37.755,37.702,37.532,37.361,37.149,36.936,36.942,36.948,37.184,37.420,37.532,37.643,37.555,37.467,37.620,37.773,37.726,37.679,37.731,37.784,37.943,38.101,38.107,38.112,38.311,38.510,38.574,38.638,38.684,38.731,38.801,38.871,38.900,38.929,38.888,38.847,38.952,39.056,38.981,38.905,39.004,39.103,39.277,39.450,39.791,40.131,40.292,40.453,40.470,40.487,40.773,41.059,41.412,41.764,41.900,42.036,42.228
,39.820,38.801,37.773,36.948,36.117,35.939,35.760,35.784,35.807,35.807,35.807,35.807,35.807,35.939,36.070,35.724,35.377,35.748,36.117,37.255,38.381,39.612,40.830,41.230,41.628,41.787,41.946,41.127,40.303,39.543,38.778,39.196,39.612,40.521,41.423,42.138,42.848,43.554,44.256,44.489,44.722,45.263,45.801,46.578,47.349,46.752,46.152,45.285,44.411,44.156,43.900,43.543,43.185,42.691,42.194,42.138,42.081,42.691,43.297,44.389,45.472,45.296,45.120,43.521,41.900,41.241,40.579,40.257,39.935,40.303,40.670,41.173,41.673,41.241,40.808,39.601,38.381,38.077,37.773,37.690,37.608,37.620,37.632,37.984,38.335,38.533,38.731,38.801,38.871,37.902,36.924,36.474,36.022,36.236,36.450,36.581,36.711,37.184,37.655,38.054,38.451,38.521,38.591,38.183,37.773,37.726,37.679,37.702,37.726,37.913,38.101,38.112,38.124,38.766,39.404,39.485,39.566,38.673,37.773,37.443,37.113,37.326,37.538,37.655,37.773,37.337,36.901,36.699,36.498,36.735,36.972,37.514,38.054,37.749,37.443,37.220,36.995,37.125,37.255,37.208,37.161,37.078,36.995,36.948,36.901,37.066,37.231,37.432,37.632,37.714,37.796,37.255,36.711,36.960,37.208,37.161,37.113,37.066,37.019,37.031,37.043,37.420,37.796,37.432,37.066,36.877,36.688,36.652,36.617,36.593,36.569,36.034,35.497,35.257,35.017,34.884,34.752,34.329,33.905,34.087,34.268,34.414,34.559,34.317,34.075,33.735,33.393,33.259,33.125,33.235,33.345,33.625,33.905,33.868,33.832,33.953,34.075,33.722,33.369,33.747,34.123,34.377,34.631,34.643,34.655,34.968,35.281,35.497,35.712,35.903,36.094,35.795,35.497,35.413,35.329,35.389,35.449,35.532,35.616,35.784,35.951,35.939,35.927,35.915,35.903,35.951,35.998,36.058,36.117,36.213,36.308,36.391,36.474,36.936,37.396,37.549,37.702,37.455,37.208,37.137,37.066,37.349,37.632,37.643,37.655,37.667,37.679,37.526,37.373,37.090,36.806,36.735,36.664,36.936,37.208,37.279,37.349,37.290,37.231,37.432,37.632,37.502,37.373,37.479,37.585,37.679,37.773,37.866,37.960,38.148,38.335,38.428,38.521,38.533,38.545,38.650,38.754,38.824,38.894,38.859,38.824,38.894,38.964,38.894,38.824,38.952,39.080,39.254,39.427,39.705,39.981,40.108,40.234,40.211,40.188,40.521,40.853,41.298,41.742,41.844,41.946,41.844
,40.326,39.219,38.101,37.367,36.628,36.569,36.510,36.444,36.379,36.201,36.022,35.939,35.855,35.986,36.117,35.879,35.640,35.807,35.974,37.043,38.101,39.410,40.705,41.287,41.866,41.878,41.889,41.122,40.349,39.416,38.475,38.702,38.929,39.872,40.808,41.656,42.499,43.207,43.911,43.956,44.000,44.306,44.611,45.219,45.823,45.125,44.423,43.521,42.612,42.369,42.127,41.991,41.855,41.974,42.093,42.510,42.927,43.056,43.185,43.911,44.633,44.722,44.810,43.263,41.696,41.139,40.579,40.544,40.510,41.104,41.696,41.815,41.934,41.008,40.073,39.051,38.019,37.543,37.066,36.978,36.889,37.149,37.408,37.978,38.545,38.871,39.196,39.381,39.566,38.748,37.925,37.343,36.759,36.948,37.137,37.149,37.161,37.614,38.066,38.323,38.580,38.510,38.440,38.083,37.726,37.726,37.726,37.596,37.467,37.514,37.561,37.849,38.136,38.690,39.242,39.196,39.149,38.229,37.302,37.125,36.948,37.178,37.408,37.538,37.667,37.491,37.314,36.942,36.569,36.664,36.759,37.314,37.866,37.561,37.255,37.190,37.125,37.302,37.479,37.343,37.208,37.184,37.161,37.402,37.643,37.990,38.335,38.153,37.972,37.913,37.855,37.390,36.924,36.966,37.007,36.948,36.889,36.936,36.983,37.013,37.043,37.314,37.585,37.273,36.960,36.545,36.129,36.064,35.998,36.207,36.415,36.106,35.795,35.556,35.317,35.101,34.884,34.631,34.377,34.456,34.534,34.553,34.571,34.275,33.978,33.789,33.601,33.546,33.491,33.515,33.540,33.704,33.868,33.795,33.722,33.801,33.880,33.674,33.467,33.747,34.026,34.093,34.159,34.287,34.414,34.715,35.017,35.275,35.532,35.819,36.106,35.784,35.461,35.395,35.329,35.323,35.317,35.455,35.592,35.778,35.963,36.028,36.094,35.998,35.903,35.897,35.891,35.837,35.784,35.855,35.927,36.004,36.082,36.569,37.054,37.190,37.326,37.161,36.995,36.948,36.901,37.113,37.326,37.408,37.491,37.538,37.585,37.414,37.243,36.989,36.735,36.699,36.664,36.865,37.066,37.090,37.113,37.113,37.113,37.214,37.314,37.255,37.196,37.302,37.408,37.473,37.538,37.673,37.808,38.007,38.206,38.235,38.264,38.294,38.323,38.475,38.626,38.760,38.894,38.853,38.812,38.905,38.998,39.004,39.010,39.080,39.149,39.335,39.520,39.653,39.785,39.958,40.131,40.194,40.257,40.527,40.796,41.253,41.707,41.628,41.548,41.355
,40.830,39.635,38.428,37.784,37.137,37.196,37.255,37.102,36.948,36.593,36.236,36.070,35.903,36.034,36.165,36.034,35.903,35.867,35.831,36.830,37.820,39.207,40.579,41.344,42.104,41.968,41.832,41.116,40.395,39.288,38.171,38.206,38.241,39.219,40.188,41.173,42.149,42.859,43.565,43.420,43.274,43.342,43.409,43.844,44.278,43.476,42.668,41.730,40.785,40.556,40.326,40.418,40.510,41.253,41.991,42.882,43.766,43.420,43.073,43.431,43.789,44.145,44.500,43.005,41.492,41.036,40.579,40.830,41.082,41.900,42.713,42.454,42.194,40.773,39.335,38.498,37.655,37.007,36.355,36.260,36.165,36.676,37.184,37.972,38.754,39.207,39.658,39.958,40.257,39.589,38.917,38.206,37.491,37.655,37.820,37.714,37.608,38.042,38.475,38.591,38.708,38.498,38.288,37.984,37.679,37.726,37.773,37.491,37.208,37.113,37.019,37.585,38.148,38.615,39.080,38.905,38.731,37.784,36.830,36.806,36.782,37.031,37.279,37.420,37.561,37.643,37.726,37.184,36.640,36.593,36.545,37.113,37.679,37.373,37.066,37.161,37.255,37.479,37.702,37.479,37.255,37.290,37.326,37.855,38.381,38.905,39.427,38.871,38.311,38.112,37.913,37.526,37.137,36.972,36.806,36.735,36.664,36.806,36.948,36.995,37.043,37.208,37.373,37.113,36.853,36.213,35.568,35.473,35.377,35.819,36.260,36.177,36.094,35.855,35.616,35.317,35.017,34.932,34.848,34.824,34.800,34.691,34.583,34.232,33.880,33.844,33.807,33.832,33.856,33.795,33.735,33.783,33.832,33.722,33.613,33.649,33.686,33.625,33.564,33.747,33.929,33.807,33.686,33.929,34.172,34.462,34.752,35.053,35.353,35.736,36.117,35.772,35.425,35.377,35.329,35.257,35.185,35.377,35.568,35.772,35.974,36.117,36.260,36.082,35.903,35.843,35.784,35.616,35.449,35.497,35.544,35.616,35.688,36.201,36.711,36.830,36.948,36.865,36.782,36.759,36.735,36.877,37.019,37.172,37.326,37.408,37.491,37.302,37.113,36.889,36.664,36.664,36.664,36.794,36.924,36.901,36.877,36.936,36.995,36.995,36.995,37.007,37.019,37.125,37.231,37.267,37.302,37.479,37.655,37.866,38.077,38.042,38.007,38.054,38.101,38.300,38.498,38.696,38.894,38.847,38.801,38.917,39.033,39.115,39.196,39.207,39.219,39.416,39.612,39.601,39.589,39.809,40.027,40.177,40.326,40.533,40.739,41.207,41.673,41.412,41.150,40.865
,40.945,39.930,38.905,38.346,37.784,37.790,37.796,37.708,37.620,37.119,36.617,36.385,36.153,36.153,36.153,36.004,35.855,35.790,35.724,36.569,37.408,38.772,40.119,41.047,41.968,41.742,41.514,40.808,40.096,39.172,38.241,38.089,37.937,38.818,39.693,40.527,41.355,41.985,42.612,42.285,41.957,41.985,42.013,42.364,42.713,42.087,41.458,40.699,39.935,39.549,39.161,39.341,39.520,40.447,41.367,42.477,43.576,43.269,42.960,43.022,43.084,43.269,43.454,42.251,41.036,40.790,40.544,40.973,41.401,42.076,42.747,42.589,42.432,40.876,39.300,38.416,37.526,36.978,36.427,36.219,36.010,36.628,37.243,37.943,38.638,38.905,39.172,39.381,39.589,39.323,39.056,38.469,37.878,37.884,37.890,37.773,37.655,37.949,38.241,38.206,38.171,38.031,37.890,37.761,37.632,37.773,37.913,37.643,37.373,37.396,37.420,37.831,38.241,38.626,39.010,38.795,38.580,37.749,36.913,36.989,37.066,37.066,37.066,37.137,37.208,37.443,37.679,37.172,36.664,36.788,36.913,37.555,38.194,37.749,37.302,37.184,37.066,37.290,37.514,37.385,37.255,37.526,37.796,38.498,39.196,39.734,40.269,39.462,38.650,38.188,37.726,37.385,37.043,36.788,36.534,36.456,36.379,36.581,36.782,36.853,36.924,36.960,36.995,36.824,36.652,35.921,35.185,35.263,35.341,35.831,36.320,36.284,36.248,36.094,35.939,35.748,35.556,35.461,35.365,35.191,35.017,34.806,34.595,34.335,34.075,34.166,34.256,34.268,34.281,34.178,34.075,33.978,33.880,33.862,33.844,33.850,33.856,33.698,33.540,33.625,33.710,33.582,33.454,33.850,34.244,34.595,34.944,35.215,35.485,35.772,36.058,35.700,35.341,35.311,35.281,35.263,35.245,35.431,35.616,35.754,35.891,36.022,36.153,36.016,35.879,35.772,35.664,35.449,35.233,35.275,35.317,35.431,35.544,36.004,36.462,36.581,36.699,36.688,36.676,36.705,36.735,36.765,36.794,36.972,37.149,37.255,37.361,37.155,36.948,36.771,36.593,36.605,36.617,36.794,36.972,36.954,36.936,36.907,36.877,36.871,36.865,36.824,36.782,36.895,37.007,37.190,37.373,37.461,37.549,37.743,37.937,37.937,37.937,37.949,37.960,38.159,38.358,38.568,38.778,38.743,38.708,38.812,38.917,39.056,39.196,39.219,39.242,39.462,39.682,39.751,39.820,39.906,39.993,40.114,40.234,40.447,40.659,41.019,41.378,41.025,40.670,40.493
,41.059,40.223,39.381,38.905,38.428,38.381,38.335,38.311,38.288,37.643,36.995,36.699,36.403,36.272,36.141,35.974,35.807,35.712,35.616,36.308,36.995,38.335,39.658,40.750,41.832,41.514,41.196,40.498,39.797,39.056,38.311,37.972,37.632,38.416,39.196,39.878,40.556,41.104,41.651,41.139,40.624,40.613,40.602,40.865,41.127,40.682,40.234,39.658,39.080,38.533,37.984,38.253,38.521,39.635,40.739,42.070,43.386,43.118,42.848,42.612,42.375,42.386,42.398,41.492,40.579,40.544,40.510,41.116,41.719,42.251,42.781,42.724,42.668,40.979,39.265,38.335,37.396,36.948,36.498,36.177,35.855,36.581,37.302,37.913,38.521,38.603,38.684,38.801,38.917,39.056,39.196,38.731,38.264,38.112,37.960,37.831,37.702,37.855,38.007,37.820,37.632,37.561,37.491,37.538,37.585,37.820,38.054,37.796,37.538,37.679,37.820,38.077,38.335,38.638,38.940,38.684,38.428,37.714,36.995,37.172,37.349,37.102,36.853,36.853,36.853,37.243,37.632,37.161,36.688,36.983,37.279,37.995,38.708,38.124,37.538,37.208,36.877,37.102,37.326,37.290,37.255,37.761,38.264,39.138,40.004,40.556,41.104,40.050,38.987,38.264,37.538,37.243,36.948,36.605,36.260,36.177,36.094,36.355,36.617,36.711,36.806,36.711,36.617,36.534,36.450,35.628,34.800,35.053,35.305,35.843,36.379,36.391,36.403,36.332,36.260,36.177,36.094,35.986,35.879,35.556,35.233,34.920,34.607,34.438,34.268,34.486,34.703,34.703,34.703,34.559,34.414,34.172,33.929,34.002,34.075,34.050,34.026,33.771,33.515,33.503,33.491,33.357,33.222,33.771,34.317,34.728,35.137,35.377,35.616,35.807,35.998,35.628,35.257,35.245,35.233,35.269,35.305,35.485,35.664,35.736,35.807,35.927,36.046,35.951,35.855,35.700,35.544,35.281,35.017,35.053,35.089,35.245,35.401,35.807,36.213,36.332,36.450,36.510,36.569,36.652,36.735,36.652,36.569,36.771,36.972,37.102,37.231,37.007,36.782,36.652,36.522,36.545,36.569,36.794,37.019,37.007,36.995,36.877,36.759,36.747,36.735,36.640,36.545,36.664,36.782,37.113,37.443,37.443,37.443,37.620,37.796,37.831,37.866,37.843,37.820,38.019,38.218,38.440,38.661,38.638,38.615,38.708,38.801,38.998,39.196,39.230,39.265,39.508,39.751,39.901,40.050,40.004,39.958,40.050,40.142,40.361,40.579,40.830,41.082,40.636,40.188,40.119
,40.853,40.234,39.612,39.358,39.103,39.027,38.952,38.882,38.812,38.112,37.408,36.942,36.474,36.278,36.082,35.879,35.676,35.479,35.281,35.766,36.248,37.343,38.428,39.503,40.567,40.619,40.670,40.125,39.578,38.946,38.311,37.960,37.608,37.919,38.229,38.778,39.323,39.837,40.349,39.987,39.624,39.601,39.578,39.860,40.142,40.016,39.889,39.456,39.022,38.469,37.913,38.107,38.300,39.207,40.108,41.184,42.251,42.110,41.968,41.707,41.446,41.304,41.162,40.790,40.418,40.510,40.602,41.196,41.787,42.257,42.724,42.741,42.758,41.293,39.809,39.010,38.206,37.520,36.830,36.462,36.094,36.516,36.936,37.526,38.112,38.083,38.054,38.148,38.241,38.480,38.719,38.463,38.206,38.013,37.820,37.638,37.455,37.520,37.585,37.373,37.161,37.314,37.467,37.661,37.855,37.995,38.136,37.937,37.737,38.054,38.370,38.410,38.451,38.748,39.045,38.888,38.731,38.229,37.726,37.626,37.526,37.314,37.102,36.966,36.830,37.019,37.208,37.072,36.936,37.249,37.561,37.937,38.311,37.720,37.125,36.936,36.747,36.960,37.172,37.273,37.373,37.720,38.066,38.900,39.728,40.131,40.533,39.762,38.987,38.370,37.749,37.473,37.196,37.066,36.936,36.824,36.711,36.776,36.842,36.859,36.877,36.628,36.379,36.189,35.998,35.503,35.005,35.131,35.257,35.562,35.867,36.016,36.165,36.338,36.510,36.528,36.545,36.254,35.963,35.652,35.341,35.059,34.776,34.607,34.438,34.770,35.101,34.962,34.824,34.625,34.426,34.281,34.135,34.262,34.389,34.226,34.062,33.795,33.528,33.552,33.576,33.747,33.917,34.365,34.812,35.077,35.341,35.550,35.760,35.819,35.879,35.544,35.209,35.281,35.353,35.437,35.520,35.736,35.951,36.016,36.082,36.076,36.070,35.969,35.867,35.724,35.580,35.293,35.005,35.119,35.233,35.401,35.568,35.921,36.272,36.338,36.403,36.539,36.676,36.652,36.628,36.611,36.593,36.705,36.818,36.918,37.019,36.895,36.771,36.664,36.557,36.617,36.676,36.836,36.995,36.960,36.924,36.901,36.877,36.877,36.877,36.788,36.699,36.812,36.924,37.143,37.361,37.396,37.432,37.491,37.549,37.591,37.632,37.596,37.561,37.843,38.124,38.323,38.521,38.515,38.510,38.708,38.905,39.091,39.277,39.364,39.450,39.687,39.924,39.999,40.073,39.987,39.901,39.930,39.958,40.091,40.223,40.332,40.441,40.229,40.016,40.062
,40.647,40.246,39.843,39.809,39.774,39.670,39.566,39.450,39.335,38.580,37.820,37.184,36.545,36.284,36.022,35.784,35.544,35.245,34.944,35.221,35.497,36.344,37.184,38.241,39.288,39.716,40.142,39.751,39.358,38.836,38.311,37.949,37.585,37.420,37.255,37.667,38.077,38.556,39.033,38.824,38.615,38.580,38.545,38.847,39.149,39.346,39.543,39.254,38.964,38.405,37.843,37.960,38.077,38.778,39.474,40.292,41.104,41.093,41.082,40.796,40.510,40.211,39.912,40.085,40.257,40.475,40.693,41.275,41.855,42.262,42.668,42.758,42.848,41.605,40.349,39.682,39.010,38.089,37.161,36.747,36.332,36.450,36.569,37.137,37.702,37.561,37.420,37.491,37.561,37.902,38.241,38.194,38.148,37.913,37.679,37.443,37.208,37.184,37.161,36.924,36.688,37.066,37.443,37.784,38.124,38.171,38.218,38.077,37.937,38.428,38.917,38.743,38.568,38.859,39.149,39.091,39.033,38.743,38.451,38.077,37.702,37.526,37.349,37.078,36.806,36.794,36.782,36.983,37.184,37.514,37.843,37.878,37.913,37.314,36.711,36.664,36.617,36.818,37.019,37.255,37.491,37.679,37.866,38.661,39.450,39.705,39.958,39.474,38.987,38.475,37.960,37.702,37.443,37.526,37.608,37.467,37.326,37.196,37.066,37.007,36.948,36.545,36.141,35.843,35.544,35.377,35.209,35.209,35.209,35.281,35.353,35.640,35.927,36.344,36.759,36.877,36.995,36.522,36.046,35.748,35.449,35.197,34.944,34.776,34.607,35.053,35.497,35.221,34.944,34.691,34.438,34.389,34.341,34.522,34.703,34.402,34.099,33.820,33.540,33.601,33.661,34.135,34.607,34.956,35.305,35.425,35.544,35.724,35.903,35.831,35.760,35.461,35.161,35.317,35.473,35.604,35.736,35.986,36.236,36.296,36.355,36.225,36.094,35.986,35.879,35.748,35.616,35.305,34.992,35.185,35.377,35.556,35.736,36.034,36.332,36.344,36.355,36.569,36.782,36.652,36.522,36.569,36.617,36.640,36.664,36.735,36.806,36.782,36.759,36.676,36.593,36.688,36.782,36.877,36.972,36.913,36.853,36.924,36.995,37.007,37.019,36.936,36.853,36.960,37.066,37.172,37.279,37.349,37.420,37.361,37.302,37.349,37.396,37.349,37.302,37.667,38.031,38.206,38.381,38.393,38.405,38.708,39.010,39.184,39.358,39.497,39.635,39.866,40.096,40.096,40.096,39.970,39.843,39.809,39.774,39.820,39.866,39.832,39.797,39.820,39.843,40.004
,40.853,40.344,39.832,40.033,40.234,40.125,40.016,39.682,39.346,38.708,38.066,37.432,36.794,36.427,36.058,35.724,35.389,35.089,34.788,34.920,35.053,35.598,36.141,37.048,37.949,38.370,38.789,38.760,38.731,38.294,37.855,37.538,37.220,36.913,36.605,36.871,37.137,37.655,38.171,38.095,38.019,38.019,38.019,38.247,38.475,38.812,39.149,39.010,38.871,38.440,38.007,38.036,38.066,38.445,38.824,39.236,39.647,39.722,39.797,39.803,39.809,39.705,39.601,39.745,39.889,40.252,40.613,41.167,41.719,42.013,42.307,42.364,42.420,41.418,40.407,40.039,39.670,38.766,37.855,37.137,36.415,36.349,36.284,36.930,37.573,37.591,37.608,37.667,37.726,37.773,37.820,37.855,37.890,37.726,37.561,37.449,37.337,37.196,37.054,36.699,36.344,36.995,37.643,37.954,38.264,38.253,38.241,38.218,38.194,38.574,38.952,38.836,38.719,38.859,38.998,38.946,38.894,38.812,38.731,38.428,38.124,37.931,37.737,37.337,36.936,36.895,36.853,37.007,37.161,37.420,37.679,37.626,37.573,37.231,36.889,36.830,36.771,37.043,37.314,37.585,37.855,37.995,38.136,38.434,38.731,39.004,39.277,39.074,38.871,38.504,38.136,37.943,37.749,37.831,37.913,37.820,37.726,37.514,37.302,37.208,37.113,36.717,36.320,36.010,35.700,35.562,35.425,35.113,34.800,34.926,35.053,35.323,35.592,35.992,36.391,36.456,36.522,36.213,35.903,35.604,35.305,35.089,34.872,34.842,34.812,35.167,35.520,35.167,34.812,34.661,34.510,34.402,34.293,34.450,34.607,34.396,34.184,33.947,33.710,33.905,34.099,34.703,35.305,35.598,35.891,35.891,35.891,35.957,36.022,35.897,35.772,35.544,35.317,35.532,35.748,35.921,36.094,36.207,36.320,36.344,36.367,36.236,36.106,36.070,36.034,35.933,35.831,35.676,35.520,35.652,35.784,35.909,36.034,36.219,36.403,36.409,36.415,36.504,36.593,36.617,36.640,36.611,36.581,36.617,36.652,36.694,36.735,36.676,36.617,36.599,36.581,36.652,36.723,36.859,36.995,36.889,36.782,36.830,36.877,36.895,36.913,36.930,36.948,37.048,37.149,37.226,37.302,37.326,37.349,37.349,37.349,37.314,37.279,37.320,37.361,37.649,37.937,38.095,38.253,38.276,38.300,38.574,38.847,39.033,39.219,39.450,39.682,39.826,39.970,39.947,39.924,39.757,39.589,39.630,39.670,39.682,39.693,39.653,39.612,39.699,39.785,39.895
,41.059,40.441,39.820,40.257,40.693,40.579,40.464,39.912,39.358,38.836,38.311,37.679,37.043,36.569,36.094,35.664,35.233,34.932,34.631,34.619,34.607,34.848,35.089,35.843,36.593,37.007,37.420,37.761,38.101,37.749,37.396,37.125,36.853,36.403,35.951,36.070,36.189,36.747,37.302,37.361,37.420,37.455,37.491,37.643,37.796,38.276,38.754,38.766,38.778,38.475,38.171,38.112,38.054,38.112,38.171,38.171,38.171,38.335,38.498,38.801,39.103,39.196,39.288,39.404,39.520,40.027,40.533,41.059,41.583,41.764,41.946,41.968,41.991,41.230,40.464,40.395,40.326,39.439,38.545,37.526,36.498,36.248,35.998,36.723,37.443,37.620,37.796,37.843,37.890,37.643,37.396,37.514,37.632,37.538,37.443,37.455,37.467,37.208,36.948,36.474,35.998,36.924,37.843,38.124,38.405,38.335,38.264,38.358,38.451,38.719,38.987,38.929,38.871,38.859,38.847,38.801,38.754,38.882,39.010,38.778,38.545,38.335,38.124,37.596,37.066,36.995,36.924,37.031,37.137,37.326,37.514,37.373,37.231,37.149,37.066,36.995,36.924,37.267,37.608,37.913,38.218,38.311,38.405,38.206,38.007,38.300,38.591,38.673,38.754,38.533,38.311,38.183,38.054,38.136,38.218,38.171,38.124,37.831,37.538,37.408,37.279,36.889,36.498,36.177,35.855,35.748,35.640,35.017,34.389,34.571,34.752,35.005,35.257,35.640,36.022,36.034,36.046,35.903,35.760,35.461,35.161,34.980,34.800,34.908,35.017,35.281,35.544,35.113,34.679,34.631,34.583,34.414,34.244,34.377,34.510,34.389,34.268,34.075,33.880,34.208,34.534,35.269,35.998,36.236,36.474,36.355,36.236,36.189,36.141,35.963,35.784,35.628,35.473,35.748,36.022,36.236,36.450,36.427,36.403,36.391,36.379,36.248,36.117,36.153,36.189,36.117,36.046,36.046,36.046,36.117,36.189,36.260,36.332,36.403,36.474,36.474,36.474,36.439,36.403,36.581,36.759,36.652,36.545,36.593,36.640,36.652,36.664,36.569,36.474,36.522,36.569,36.617,36.664,36.842,37.019,36.865,36.711,36.735,36.759,36.782,36.806,36.924,37.043,37.137,37.231,37.279,37.326,37.302,37.279,37.337,37.396,37.279,37.161,37.290,37.420,37.632,37.843,37.984,38.124,38.159,38.194,38.440,38.684,38.882,39.080,39.404,39.728,39.785,39.843,39.797,39.751,39.543,39.335,39.450,39.566,39.543,39.520,39.474,39.427,39.578,39.728,39.785
,41.492,40.762,40.027,40.470,40.910,40.990,41.070,40.303,39.531,39.033,38.533,37.896,37.255,36.735,36.213,35.784,35.353,34.986,34.619,34.565,34.510,34.631,34.752,35.287,35.819,36.189,36.557,36.818,37.078,36.883,36.688,36.444,36.201,35.801,35.401,35.485,35.568,36.070,36.569,36.788,37.007,37.102,37.196,37.190,37.184,37.479,37.773,37.849,37.925,37.773,37.620,37.726,37.831,37.761,37.690,37.532,37.373,37.402,37.432,37.978,38.521,38.853,39.184,39.277,39.369,39.757,40.142,40.630,41.116,41.310,41.503,41.281,41.059,40.584,40.108,40.160,40.211,39.346,38.475,37.579,36.676,36.444,36.213,36.936,37.655,37.708,37.761,37.767,37.773,37.614,37.455,37.538,37.620,37.485,37.349,37.455,37.561,37.119,36.676,36.492,36.308,36.948,37.585,37.878,38.171,38.212,38.253,38.300,38.346,38.556,38.766,38.568,38.370,38.469,38.568,38.690,38.812,38.865,38.917,38.743,38.568,38.381,38.194,37.626,37.054,36.930,36.806,36.924,37.043,37.349,37.655,37.679,37.702,37.508,37.314,37.231,37.149,37.326,37.502,37.802,38.101,38.200,38.300,38.159,38.019,38.235,38.451,38.626,38.801,38.580,38.358,38.259,38.159,38.329,38.498,38.241,37.984,37.679,37.373,37.143,36.913,36.682,36.450,36.385,36.320,36.016,35.712,35.257,34.800,34.926,35.053,35.209,35.365,35.628,35.891,35.891,35.891,35.819,35.748,35.401,35.053,34.998,34.944,35.095,35.245,35.389,35.532,35.161,34.788,34.661,34.534,34.353,34.172,34.202,34.232,34.190,34.147,34.081,34.014,34.311,34.607,35.359,36.106,36.284,36.462,36.427,36.391,36.314,36.236,36.141,36.046,35.927,35.807,35.998,36.189,36.290,36.391,36.421,36.450,36.403,36.355,36.308,36.260,36.349,36.439,36.397,36.355,36.391,36.427,36.427,36.427,36.450,36.474,36.510,36.545,36.439,36.332,36.349,36.367,36.504,36.640,36.587,36.534,36.510,36.486,36.516,36.545,36.468,36.391,36.403,36.415,36.468,36.522,36.670,36.818,36.682,36.545,36.569,36.593,36.640,36.688,36.836,36.983,37.054,37.125,37.214,37.302,37.255,37.208,37.273,37.337,37.308,37.279,37.361,37.443,37.685,37.925,38.013,38.101,38.042,37.984,38.200,38.416,38.609,38.801,39.138,39.474,39.531,39.589,39.479,39.369,39.364,39.358,39.410,39.462,39.433,39.404,39.410,39.416,39.410,39.404,39.566
,41.923,41.082,40.234,40.682,41.127,41.401,41.673,40.693,39.705,39.230,38.754,38.112,37.467,36.901,36.332,35.903,35.473,35.041,34.607,34.510,34.414,34.414,34.414,34.728,35.041,35.365,35.688,35.867,36.046,36.010,35.974,35.760,35.544,35.197,34.848,34.896,34.944,35.389,35.831,36.213,36.593,36.747,36.901,36.735,36.569,36.676,36.782,36.924,37.066,37.066,37.066,37.337,37.608,37.408,37.208,36.889,36.569,36.462,36.355,37.149,37.937,38.510,39.080,39.149,39.219,39.485,39.751,40.200,40.647,40.853,41.059,40.590,40.119,39.935,39.751,39.924,40.096,39.254,38.405,37.632,36.853,36.640,36.427,37.149,37.866,37.796,37.726,37.690,37.655,37.585,37.514,37.561,37.608,37.432,37.255,37.455,37.655,37.031,36.403,36.510,36.617,36.972,37.326,37.632,37.937,38.089,38.241,38.241,38.241,38.393,38.545,38.206,37.866,38.077,38.288,38.580,38.871,38.847,38.824,38.708,38.591,38.428,38.264,37.655,37.043,36.865,36.688,36.818,36.948,37.373,37.796,37.984,38.171,37.866,37.561,37.467,37.373,37.385,37.396,37.690,37.984,38.089,38.194,38.112,38.031,38.171,38.311,38.580,38.847,38.626,38.405,38.335,38.264,38.521,38.778,38.311,37.843,37.526,37.208,36.877,36.545,36.474,36.403,36.593,36.782,36.284,35.784,35.497,35.209,35.281,35.353,35.413,35.473,35.616,35.760,35.748,35.736,35.736,35.736,35.341,34.944,35.017,35.089,35.281,35.473,35.497,35.520,35.209,34.896,34.691,34.486,34.293,34.099,34.026,33.953,33.990,34.026,34.087,34.147,34.414,34.679,35.449,36.213,36.332,36.450,36.498,36.545,36.439,36.332,36.320,36.308,36.225,36.141,36.248,36.355,36.344,36.332,36.415,36.498,36.415,36.332,36.367,36.403,36.545,36.688,36.676,36.664,36.735,36.806,36.735,36.664,36.640,36.617,36.617,36.617,36.403,36.189,36.260,36.332,36.427,36.522,36.522,36.522,36.427,36.332,36.379,36.427,36.367,36.308,36.284,36.260,36.320,36.379,36.498,36.617,36.498,36.379,36.403,36.427,36.498,36.569,36.747,36.924,36.972,37.019,37.149,37.279,37.208,37.137,37.208,37.279,37.337,37.396,37.432,37.467,37.737,38.007,38.042,38.077,37.925,37.773,37.960,38.148,38.335,38.521,38.871,39.219,39.277,39.335,39.161,38.987,39.184,39.381,39.369,39.358,39.323,39.288,39.346,39.404,39.242,39.080,39.346
,42.983,42.008,41.025,41.230,41.435,41.617,41.798,41.082,40.361,39.687,39.010,38.276,37.538,37.066,36.593,36.117,35.640,35.239,34.836,34.734,34.631,34.595,34.559,34.679,34.800,34.992,35.185,35.365,35.544,35.467,35.389,35.197,35.005,34.697,34.389,34.450,34.510,34.818,35.125,35.580,36.034,36.213,36.391,36.147,35.903,35.879,35.855,36.052,36.248,36.367,36.486,36.729,36.972,36.877,36.782,36.385,35.986,36.028,36.070,36.806,37.538,38.352,39.161,39.259,39.358,39.445,39.531,40.010,40.487,40.642,40.796,40.039,39.277,39.196,39.115,39.213,39.312,38.836,38.358,37.702,37.043,36.753,36.462,36.983,37.502,37.532,37.561,37.549,37.538,37.502,37.467,37.473,37.479,37.420,37.361,37.585,37.808,37.137,36.462,36.528,36.593,36.918,37.243,37.496,37.749,37.878,38.007,37.937,37.866,38.013,38.159,37.814,37.467,37.743,38.019,38.264,38.510,38.533,38.556,38.510,38.463,38.323,38.183,37.761,37.337,37.149,36.960,36.972,36.983,37.355,37.726,37.907,38.089,37.855,37.620,37.485,37.349,37.332,37.314,37.591,37.866,37.931,37.995,38.042,38.089,38.340,38.591,38.743,38.894,38.714,38.533,38.434,38.335,38.492,38.650,38.276,37.902,37.502,37.102,36.634,36.165,36.260,36.355,36.516,36.676,36.456,36.236,36.165,36.094,36.153,36.213,36.314,36.415,36.308,36.201,36.088,35.974,35.903,35.831,35.365,34.896,35.029,35.161,35.371,35.580,35.724,35.867,35.425,34.980,34.685,34.389,34.159,33.929,33.880,33.832,34.026,34.220,34.341,34.462,34.758,35.053,35.568,36.082,36.165,36.248,36.302,36.355,36.272,36.189,36.225,36.260,36.147,36.034,36.117,36.201,36.213,36.225,36.355,36.486,36.462,36.439,36.480,36.522,36.611,36.699,36.771,36.842,36.942,37.043,36.966,36.889,36.759,36.628,36.628,36.628,36.433,36.236,36.302,36.367,36.480,36.593,36.551,36.510,36.391,36.272,36.302,36.332,36.278,36.225,36.195,36.165,36.225,36.284,36.415,36.545,36.415,36.284,36.272,36.260,36.373,36.486,36.634,36.782,36.800,36.818,37.019,37.220,37.214,37.208,37.255,37.302,37.390,37.479,37.467,37.455,37.679,37.902,37.831,37.761,37.731,37.702,37.849,37.995,38.165,38.335,38.620,38.905,38.917,38.929,38.923,38.917,39.144,39.369,39.445,39.520,39.462,39.404,39.393,39.381,39.225,39.068,39.213
,44.034,42.927,41.810,41.776,41.742,41.832,41.923,41.469,41.013,40.142,39.265,38.440,37.608,37.231,36.853,36.332,35.807,35.437,35.065,34.956,34.848,34.776,34.703,34.631,34.559,34.619,34.679,34.860,35.041,34.920,34.800,34.631,34.462,34.196,33.929,34.002,34.075,34.244,34.414,34.944,35.473,35.676,35.879,35.556,35.233,35.077,34.920,35.173,35.425,35.664,35.903,36.117,36.332,36.344,36.355,35.879,35.401,35.592,35.784,36.462,37.137,38.194,39.242,39.369,39.497,39.404,39.312,39.820,40.326,40.430,40.533,39.485,38.428,38.451,38.475,38.498,38.521,38.416,38.311,37.773,37.231,36.865,36.498,36.818,37.137,37.267,37.396,37.408,37.420,37.420,37.420,37.385,37.349,37.408,37.467,37.714,37.960,37.243,36.522,36.545,36.569,36.865,37.161,37.361,37.561,37.667,37.773,37.632,37.491,37.632,37.773,37.420,37.066,37.408,37.749,37.949,38.148,38.218,38.288,38.311,38.335,38.218,38.101,37.866,37.632,37.432,37.231,37.125,37.019,37.337,37.655,37.831,38.007,37.843,37.679,37.502,37.326,37.279,37.231,37.491,37.749,37.773,37.796,37.972,38.148,38.510,38.871,38.905,38.940,38.801,38.661,38.533,38.405,38.463,38.521,38.241,37.960,37.479,36.995,36.391,35.784,36.046,36.308,36.439,36.569,36.628,36.688,36.830,36.972,37.019,37.066,37.208,37.349,36.995,36.640,36.427,36.213,36.070,35.927,35.389,34.848,35.041,35.233,35.461,35.688,35.951,36.213,35.640,35.065,34.679,34.293,34.026,33.759,33.735,33.710,34.062,34.414,34.595,34.776,35.101,35.425,35.688,35.951,35.998,36.046,36.106,36.165,36.106,36.046,36.129,36.213,36.070,35.927,35.986,36.046,36.082,36.117,36.296,36.474,36.510,36.545,36.593,36.640,36.676,36.711,36.865,37.019,37.149,37.279,37.196,37.113,36.877,36.640,36.640,36.640,36.462,36.284,36.344,36.403,36.534,36.664,36.581,36.498,36.355,36.213,36.225,36.236,36.189,36.141,36.106,36.070,36.129,36.189,36.332,36.474,36.332,36.189,36.141,36.094,36.248,36.403,36.522,36.640,36.628,36.617,36.889,37.161,37.220,37.279,37.302,37.326,37.443,37.561,37.502,37.443,37.620,37.796,37.620,37.443,37.538,37.632,37.737,37.843,37.995,38.148,38.370,38.591,38.556,38.521,38.684,38.847,39.103,39.358,39.520,39.682,39.601,39.520,39.439,39.358,39.207,39.056,39.080
,45.406,44.156,42.893,42.499,42.104,41.849,41.594,41.218,40.842,40.211,39.578,38.795,38.007,37.467,36.924,36.462,35.998,35.658,35.317,35.155,34.992,34.902,34.812,34.709,34.607,34.679,34.752,34.794,34.836,34.691,34.547,34.426,34.305,33.941,33.576,33.661,33.747,33.959,34.172,34.438,34.703,34.944,35.185,34.986,34.788,34.703,34.619,34.872,35.125,35.371,35.616,35.939,36.260,36.254,36.248,35.873,35.497,35.556,35.616,36.183,36.747,37.790,38.824,38.958,39.091,39.109,39.126,39.358,39.589,39.549,39.508,38.650,37.784,37.937,38.089,38.077,38.066,38.089,38.112,37.685,37.255,36.954,36.652,36.895,37.137,37.279,37.420,37.373,37.326,37.184,37.043,37.102,37.161,37.302,37.443,37.685,37.925,37.231,36.534,36.528,36.522,36.865,37.208,37.332,37.455,37.473,37.491,37.390,37.290,37.526,37.761,37.432,37.102,37.343,37.585,37.855,38.124,38.188,38.253,38.253,38.253,38.165,38.077,37.878,37.679,37.731,37.784,37.737,37.690,37.861,38.031,38.124,38.218,38.066,37.913,37.714,37.514,37.361,37.208,37.461,37.714,37.638,37.561,37.778,37.995,38.346,38.696,38.708,38.719,38.754,38.789,38.644,38.498,38.545,38.591,38.253,37.913,37.567,37.220,36.646,36.070,36.225,36.379,36.563,36.747,36.960,37.172,37.155,37.137,37.161,37.184,37.249,37.314,36.983,36.652,36.421,36.189,36.058,35.927,35.479,35.029,35.383,35.736,35.915,36.094,36.028,35.963,35.407,34.848,34.522,34.196,34.008,33.820,33.838,33.856,34.178,34.498,34.770,35.041,35.257,35.473,35.616,35.760,35.855,35.951,35.933,35.915,35.921,35.927,36.022,36.117,36.058,35.998,36.094,36.189,36.195,36.201,36.397,36.593,36.611,36.628,36.646,36.664,36.723,36.782,36.930,37.078,37.172,37.267,37.184,37.102,36.895,36.688,36.694,36.699,36.640,36.581,36.522,36.462,36.563,36.664,36.545,36.427,36.302,36.177,36.189,36.201,36.135,36.070,36.034,35.998,36.088,36.177,36.272,36.367,36.248,36.129,36.094,36.058,36.231,36.403,36.427,36.450,36.504,36.557,36.753,36.948,37.037,37.125,37.255,37.385,37.473,37.561,37.526,37.491,37.620,37.749,37.614,37.479,37.585,37.690,37.814,37.937,38.089,38.241,38.410,38.580,38.609,38.638,38.795,38.952,39.230,39.508,39.607,39.705,39.658,39.612,39.468,39.323,39.097,38.871,38.952
,46.763,45.373,43.967,43.218,42.465,41.866,41.264,40.968,40.670,40.280,39.889,39.149,38.405,37.702,36.995,36.593,36.189,35.879,35.568,35.353,35.137,35.029,34.920,34.788,34.655,34.740,34.824,34.728,34.631,34.462,34.293,34.220,34.147,33.686,33.222,33.320,33.418,33.674,33.929,33.929,33.929,34.208,34.486,34.414,34.341,34.329,34.317,34.571,34.824,35.077,35.329,35.760,36.189,36.165,36.141,35.867,35.592,35.520,35.449,35.903,36.355,37.385,38.405,38.545,38.684,38.812,38.940,38.894,38.847,38.661,38.475,37.808,37.137,37.420,37.702,37.655,37.608,37.761,37.913,37.596,37.279,37.043,36.806,36.972,37.137,37.290,37.443,37.337,37.231,36.948,36.664,36.818,36.972,37.196,37.420,37.655,37.890,37.220,36.545,36.510,36.474,36.865,37.255,37.302,37.349,37.279,37.208,37.149,37.090,37.420,37.749,37.443,37.137,37.279,37.420,37.761,38.101,38.159,38.218,38.194,38.171,38.112,38.054,37.890,37.726,38.031,38.335,38.346,38.358,38.381,38.405,38.416,38.428,38.288,38.148,37.925,37.702,37.443,37.184,37.432,37.679,37.502,37.326,37.585,37.843,38.183,38.521,38.510,38.498,38.708,38.917,38.754,38.591,38.626,38.661,38.264,37.866,37.655,37.443,36.901,36.355,36.403,36.450,36.688,36.924,37.290,37.655,37.479,37.302,37.302,37.302,37.290,37.279,36.972,36.664,36.415,36.165,36.046,35.927,35.568,35.209,35.724,36.236,36.367,36.498,36.106,35.712,35.173,34.631,34.365,34.099,33.990,33.880,33.941,34.002,34.293,34.583,34.944,35.305,35.413,35.520,35.544,35.568,35.712,35.855,35.760,35.664,35.736,35.807,35.915,36.022,36.046,36.070,36.201,36.332,36.308,36.284,36.498,36.711,36.711,36.711,36.699,36.688,36.771,36.853,36.995,37.137,37.196,37.255,37.172,37.090,36.913,36.735,36.747,36.759,36.818,36.877,36.699,36.522,36.593,36.664,36.510,36.355,36.248,36.141,36.153,36.165,36.082,35.998,35.963,35.927,36.046,36.165,36.213,36.260,36.165,36.070,36.046,36.022,36.213,36.403,36.332,36.260,36.379,36.498,36.617,36.735,36.853,36.972,37.208,37.443,37.502,37.561,37.549,37.538,37.620,37.702,37.608,37.514,37.632,37.749,37.890,38.031,38.183,38.335,38.451,38.568,38.661,38.754,38.905,39.056,39.358,39.658,39.693,39.728,39.716,39.705,39.497,39.288,38.987,38.684,38.824
,48.084,46.512,44.921,43.777,42.623,41.645,40.659,40.372,40.085,39.705,39.323,38.830,38.335,37.661,36.983,36.545,36.106,35.819,35.532,35.377,35.221,35.125,35.029,34.938,34.848,34.794,34.740,34.661,34.583,34.389,34.196,34.099,34.002,33.692,33.381,33.345,33.308,33.534,33.759,33.680,33.601,33.850,34.099,34.075,34.050,34.105,34.159,34.456,34.752,35.023,35.293,35.658,36.022,36.070,36.117,35.772,35.425,35.245,35.065,35.473,35.879,36.729,37.573,37.726,37.878,38.042,38.206,37.943,37.679,37.579,37.479,37.108,36.735,37.037,37.337,37.455,37.573,37.591,37.608,37.396,37.184,37.013,36.842,36.983,37.125,37.320,37.514,37.314,37.113,36.901,36.688,36.794,36.901,37.155,37.408,37.620,37.831,37.284,36.735,36.699,36.664,36.960,37.255,37.308,37.361,37.355,37.349,37.231,37.113,37.385,37.655,37.320,36.983,37.161,37.337,37.702,38.066,38.136,38.206,38.130,38.054,38.031,38.007,37.866,37.726,38.066,38.405,38.492,38.580,38.708,38.836,38.655,38.475,38.399,38.323,38.095,37.866,37.585,37.302,37.390,37.479,37.367,37.255,37.567,37.878,38.118,38.358,38.440,38.521,38.783,39.045,38.760,38.475,38.445,38.416,38.042,37.667,37.491,37.314,37.084,36.853,36.717,36.581,36.735,36.889,37.249,37.608,37.414,37.220,37.060,36.901,36.847,36.794,36.563,36.332,36.088,35.843,35.790,35.736,35.604,35.473,36.159,36.842,36.983,37.125,36.516,35.903,35.233,34.559,34.414,34.268,34.105,33.941,33.971,34.002,34.341,34.679,35.011,35.341,35.485,35.628,35.491,35.353,35.407,35.461,35.479,35.497,35.568,35.640,35.801,35.963,35.992,36.022,36.129,36.236,36.254,36.272,36.474,36.676,36.670,36.664,36.723,36.782,36.794,36.806,36.907,37.007,37.072,37.137,37.060,36.983,36.859,36.735,36.771,36.806,36.812,36.818,36.788,36.759,36.646,36.534,36.456,36.379,36.314,36.248,36.266,36.284,36.183,36.082,36.028,35.974,36.028,36.082,36.153,36.225,36.112,35.998,36.046,36.094,36.248,36.403,36.361,36.320,36.379,36.439,36.545,36.652,36.694,36.735,37.019,37.302,37.414,37.526,37.491,37.455,37.596,37.737,37.643,37.549,37.685,37.820,37.925,38.031,38.188,38.346,38.422,38.498,38.667,38.836,39.091,39.346,39.572,39.797,39.803,39.809,39.699,39.589,39.341,39.091,38.807,38.521,38.696
,49.391,47.642,45.867,44.334,42.781,41.423,40.050,39.774,39.497,39.126,38.754,38.510,38.264,37.620,36.972,36.498,36.022,35.760,35.497,35.401,35.305,35.221,35.137,35.089,35.041,34.848,34.655,34.595,34.534,34.317,34.099,33.978,33.856,33.698,33.540,33.369,33.198,33.393,33.588,33.430,33.271,33.491,33.710,33.735,33.759,33.880,34.002,34.341,34.679,34.968,35.257,35.556,35.855,35.974,36.094,35.676,35.257,34.968,34.679,35.041,35.401,36.070,36.735,36.901,37.066,37.267,37.467,36.983,36.498,36.486,36.474,36.403,36.332,36.652,36.972,37.255,37.538,37.420,37.302,37.196,37.090,36.983,36.877,36.995,37.113,37.349,37.585,37.290,36.995,36.853,36.711,36.771,36.830,37.113,37.396,37.585,37.773,37.349,36.924,36.889,36.853,37.054,37.255,37.314,37.373,37.432,37.491,37.314,37.137,37.349,37.561,37.196,36.830,37.043,37.255,37.643,38.031,38.112,38.194,38.066,37.937,37.949,37.960,37.843,37.726,38.101,38.475,38.638,38.801,39.033,39.265,38.894,38.521,38.510,38.498,38.264,38.031,37.726,37.420,37.349,37.279,37.231,37.184,37.549,37.913,38.054,38.194,38.370,38.545,38.859,39.172,38.766,38.358,38.264,38.171,37.820,37.467,37.326,37.184,37.267,37.349,37.031,36.711,36.782,36.853,37.208,37.561,37.349,37.137,36.818,36.498,36.403,36.308,36.153,35.998,35.760,35.520,35.532,35.544,35.640,35.736,36.593,37.443,37.596,37.749,36.924,36.094,35.293,34.486,34.462,34.438,34.220,34.002,34.002,34.002,34.389,34.776,35.077,35.377,35.556,35.736,35.437,35.137,35.101,35.065,35.197,35.329,35.401,35.473,35.688,35.903,35.939,35.974,36.058,36.141,36.201,36.260,36.450,36.640,36.628,36.617,36.747,36.877,36.818,36.759,36.818,36.877,36.948,37.019,36.948,36.877,36.806,36.735,36.794,36.853,36.806,36.759,36.877,36.995,36.699,36.403,36.403,36.403,36.379,36.355,36.379,36.403,36.284,36.165,36.094,36.022,36.010,35.998,36.094,36.189,36.058,35.927,36.046,36.165,36.284,36.403,36.391,36.379,36.379,36.379,36.474,36.569,36.534,36.498,36.830,37.161,37.326,37.491,37.432,37.373,37.573,37.773,37.679,37.585,37.737,37.890,37.960,38.031,38.194,38.358,38.393,38.428,38.673,38.917,39.277,39.635,39.785,39.935,39.912,39.889,39.682,39.474,39.184,38.894,38.626,38.358,38.568
,50.156,48.374,46.567,44.854,43.118,41.628,40.119,39.612,39.103,38.865,38.626,38.381,38.136,37.520,36.901,36.480,36.058,35.795,35.532,35.377,35.221,35.053,34.884,34.818,34.752,34.613,34.474,34.438,34.402,34.293,34.184,34.081,33.978,33.759,33.540,33.406,33.271,33.399,33.528,33.412,33.296,33.497,33.698,33.807,33.917,34.159,34.402,34.709,35.017,35.179,35.341,35.772,36.201,36.296,36.391,36.010,35.628,35.143,34.655,34.752,34.848,35.371,35.891,36.070,36.248,36.439,36.628,36.201,35.772,35.754,35.736,35.706,35.676,36.028,36.379,36.818,37.255,37.226,37.196,37.161,37.125,37.048,36.972,37.037,37.102,37.337,37.573,37.385,37.196,37.096,36.995,36.954,36.913,37.125,37.337,37.461,37.585,37.390,37.196,37.190,37.184,37.314,37.443,37.579,37.714,37.731,37.749,37.596,37.443,37.496,37.549,37.290,37.031,37.060,37.090,37.367,37.643,37.743,37.843,37.866,37.890,37.966,38.042,38.025,38.007,38.218,38.428,38.615,38.801,39.149,39.497,38.987,38.475,38.410,38.346,38.294,38.241,37.954,37.667,37.596,37.526,37.649,37.773,37.984,38.194,38.440,38.684,38.731,38.778,39.027,39.277,38.842,38.405,38.194,37.984,37.778,37.573,37.473,37.373,37.355,37.337,37.054,36.771,36.954,37.137,37.414,37.690,37.514,37.337,36.989,36.640,36.587,36.534,36.320,36.106,35.879,35.652,35.586,35.520,35.580,35.640,36.201,36.759,36.948,37.137,36.575,36.010,35.353,34.691,34.637,34.583,34.426,34.268,34.287,34.305,34.607,34.908,35.149,35.389,35.514,35.640,35.413,35.185,35.113,35.041,35.167,35.293,35.467,35.640,35.718,35.795,35.825,35.855,35.933,36.010,36.058,36.106,36.379,36.652,36.717,36.782,36.871,36.960,36.889,36.818,36.812,36.806,36.859,36.913,36.836,36.759,36.782,36.806,36.836,36.865,36.960,37.054,37.102,37.149,36.924,36.699,36.658,36.617,36.504,36.391,36.427,36.462,36.373,36.284,36.219,36.153,36.177,36.201,36.272,36.344,36.189,36.034,36.112,36.189,36.284,36.379,36.361,36.344,36.338,36.332,36.349,36.367,36.409,36.450,36.747,37.043,37.290,37.538,37.461,37.385,37.591,37.796,37.761,37.726,37.831,37.937,37.984,38.031,38.142,38.253,38.358,38.463,38.789,39.115,39.427,39.739,39.820,39.901,39.791,39.682,39.474,39.265,39.045,38.824,38.620,38.416,38.580
,50.916,49.103,47.263,45.373,43.454,41.832,40.188,39.450,38.708,38.603,38.498,38.253,38.007,37.420,36.830,36.462,36.094,35.831,35.568,35.353,35.137,34.884,34.631,34.547,34.462,34.377,34.293,34.281,34.268,34.268,34.268,34.184,34.099,33.820,33.540,33.442,33.345,33.406,33.467,33.393,33.320,33.503,33.686,33.880,34.075,34.438,34.800,35.077,35.353,35.389,35.425,35.986,36.545,36.617,36.688,36.344,35.998,35.317,34.631,34.462,34.293,34.667,35.041,35.233,35.425,35.604,35.784,35.413,35.041,35.017,34.992,35.005,35.017,35.401,35.784,36.379,36.972,37.031,37.090,37.125,37.161,37.113,37.066,37.078,37.090,37.326,37.561,37.479,37.396,37.337,37.279,37.137,36.995,37.137,37.279,37.337,37.396,37.432,37.467,37.491,37.514,37.573,37.632,37.843,38.054,38.031,38.007,37.878,37.749,37.643,37.538,37.385,37.231,37.078,36.924,37.090,37.255,37.373,37.491,37.667,37.843,37.984,38.124,38.206,38.288,38.335,38.381,38.591,38.801,39.265,39.728,39.080,38.428,38.311,38.194,38.323,38.451,38.183,37.913,37.843,37.773,38.066,38.358,38.416,38.475,38.824,39.172,39.091,39.010,39.196,39.381,38.917,38.451,38.124,37.796,37.737,37.679,37.620,37.561,37.443,37.326,37.078,36.830,37.125,37.420,37.620,37.820,37.679,37.538,37.161,36.782,36.771,36.759,36.486,36.213,35.998,35.784,35.640,35.497,35.520,35.544,35.807,36.070,36.296,36.522,36.225,35.927,35.413,34.896,34.812,34.728,34.631,34.534,34.571,34.607,34.824,35.041,35.221,35.401,35.473,35.544,35.389,35.233,35.125,35.017,35.137,35.257,35.532,35.807,35.748,35.688,35.712,35.736,35.807,35.879,35.915,35.951,36.308,36.664,36.806,36.948,36.995,37.043,36.960,36.877,36.806,36.735,36.771,36.806,36.723,36.640,36.759,36.877,36.877,36.877,37.113,37.349,37.326,37.302,37.149,36.995,36.913,36.830,36.628,36.427,36.474,36.522,36.462,36.403,36.344,36.284,36.344,36.403,36.450,36.498,36.320,36.141,36.177,36.213,36.284,36.355,36.332,36.308,36.296,36.284,36.225,36.165,36.284,36.403,36.664,36.924,37.255,37.585,37.491,37.396,37.608,37.820,37.843,37.866,37.925,37.984,38.007,38.031,38.089,38.148,38.323,38.498,38.905,39.312,39.578,39.843,39.855,39.866,39.670,39.474,39.265,39.056,38.905,38.754,38.615,38.475,38.591
,50.779,49.028,47.252,45.450,43.621,42.144,40.647,39.837,39.022,38.719,38.416,38.142,37.866,37.355,36.842,36.433,36.022,35.712,35.401,35.143,34.884,34.643,34.402,34.281,34.159,34.081,34.002,34.075,34.147,34.135,34.123,34.056,33.990,33.759,33.528,33.436,33.345,33.326,33.308,33.265,33.222,33.528,33.832,34.117,34.402,34.722,35.041,35.269,35.497,35.497,35.497,35.963,36.427,36.498,36.569,36.213,35.855,35.257,34.655,34.341,34.026,34.232,34.438,34.601,34.764,34.902,35.041,34.866,34.691,34.613,34.534,34.541,34.547,35.041,35.532,36.088,36.640,36.765,36.889,36.942,36.995,37.001,37.007,37.013,37.019,37.161,37.302,37.314,37.326,37.367,37.408,37.273,37.137,37.178,37.220,37.267,37.314,37.508,37.702,37.696,37.690,37.538,37.385,37.714,38.042,38.025,38.007,37.808,37.608,37.585,37.561,37.402,37.243,37.054,36.865,36.948,37.031,37.255,37.479,37.632,37.784,37.849,37.913,38.036,38.159,38.107,38.054,38.235,38.416,38.603,38.789,38.422,38.054,37.990,37.925,38.007,38.089,37.907,37.726,37.919,38.112,38.387,38.661,38.574,38.486,38.940,39.393,39.248,39.103,39.213,39.323,38.818,38.311,38.071,37.831,37.784,37.737,37.661,37.585,37.432,37.279,37.137,36.995,37.326,37.655,37.878,38.101,37.919,37.737,37.385,37.031,37.001,36.972,36.717,36.462,36.213,35.963,35.766,35.568,35.449,35.329,35.550,35.772,35.974,36.177,36.004,35.831,35.449,35.065,34.872,34.679,34.722,34.764,34.950,35.137,35.173,35.209,35.389,35.568,35.682,35.795,35.550,35.305,35.179,35.053,35.197,35.341,35.508,35.676,35.676,35.676,35.610,35.544,35.652,35.760,35.849,35.939,36.248,36.557,36.800,37.043,37.072,37.102,37.078,37.054,36.871,36.688,36.694,36.699,36.617,36.534,36.622,36.711,36.824,36.936,37.178,37.420,37.379,37.337,37.226,37.113,36.989,36.865,36.676,36.486,36.421,36.355,36.361,36.367,36.349,36.332,36.456,36.581,36.694,36.806,36.545,36.284,36.284,36.284,36.355,36.427,36.385,36.344,36.290,36.236,36.165,36.094,36.195,36.296,36.593,36.889,37.202,37.514,37.543,37.573,37.749,37.925,37.937,37.949,37.960,37.972,37.995,38.019,38.124,38.229,38.358,38.486,38.812,39.138,39.352,39.566,39.531,39.497,39.288,39.080,38.993,38.905,38.778,38.650,38.527,38.405,38.521
,50.642,48.953,47.241,45.527,43.789,42.454,41.104,40.223,39.335,38.836,38.335,38.031,37.726,37.290,36.853,36.403,35.951,35.592,35.233,34.932,34.631,34.402,34.172,34.014,33.856,33.783,33.710,33.868,34.026,34.002,33.978,33.929,33.880,33.698,33.515,33.430,33.345,33.247,33.149,33.137,33.125,33.552,33.978,34.353,34.728,35.005,35.281,35.461,35.640,35.604,35.568,35.939,36.308,36.379,36.450,36.082,35.712,35.197,34.679,34.220,33.759,33.795,33.832,33.965,34.099,34.196,34.293,34.317,34.341,34.208,34.075,34.075,34.075,34.679,35.281,35.795,36.308,36.498,36.688,36.759,36.830,36.889,36.948,36.948,36.948,36.995,37.043,37.149,37.255,37.396,37.538,37.408,37.279,37.220,37.161,37.196,37.231,37.585,37.937,37.902,37.866,37.502,37.137,37.585,38.031,38.019,38.007,37.737,37.467,37.526,37.585,37.420,37.255,37.031,36.806,36.806,36.806,37.137,37.467,37.596,37.726,37.714,37.702,37.866,38.031,37.878,37.726,37.878,38.031,37.937,37.843,37.761,37.679,37.667,37.655,37.690,37.726,37.632,37.538,37.995,38.451,38.708,38.964,38.731,38.498,39.056,39.612,39.404,39.196,39.230,39.265,38.719,38.171,38.019,37.866,37.831,37.796,37.702,37.608,37.420,37.231,37.196,37.161,37.526,37.890,38.136,38.381,38.159,37.937,37.608,37.279,37.231,37.184,36.948,36.711,36.427,36.141,35.891,35.640,35.377,35.113,35.293,35.473,35.652,35.831,35.784,35.736,35.485,35.233,34.932,34.631,34.812,34.992,35.329,35.664,35.520,35.377,35.556,35.736,35.891,36.046,35.712,35.377,35.233,35.089,35.257,35.425,35.485,35.544,35.604,35.664,35.508,35.353,35.497,35.640,35.784,35.927,36.189,36.450,36.794,37.137,37.149,37.161,37.196,37.231,36.936,36.640,36.617,36.593,36.510,36.427,36.486,36.545,36.771,36.995,37.243,37.491,37.432,37.373,37.302,37.231,37.066,36.901,36.723,36.545,36.367,36.189,36.260,36.332,36.355,36.379,36.569,36.759,36.936,37.113,36.771,36.427,36.391,36.355,36.427,36.498,36.439,36.379,36.284,36.189,36.106,36.022,36.106,36.189,36.522,36.853,37.149,37.443,37.596,37.749,37.890,38.031,38.031,38.031,37.995,37.960,37.984,38.007,38.159,38.311,38.393,38.475,38.719,38.964,39.126,39.288,39.207,39.126,38.905,38.684,38.719,38.754,38.650,38.545,38.440,38.335,38.451
,49.465,47.971,46.458,44.965,43.454,42.279,41.093,40.389,39.682,39.178,38.673,38.259,37.843,37.349,36.853,36.462,36.070,35.610,35.149,34.709,34.268,34.075,33.880,33.753,33.625,33.582,33.540,33.722,33.905,33.899,33.893,33.832,33.771,33.637,33.503,33.412,33.320,33.351,33.381,33.296,33.210,33.521,33.832,34.250,34.667,34.986,35.305,35.371,35.437,35.365,35.293,35.514,35.736,35.760,35.784,35.550,35.317,34.908,34.498,34.105,33.710,33.674,33.637,33.747,33.856,33.899,33.941,33.984,34.026,33.947,33.868,33.929,33.990,34.456,34.920,35.461,35.998,36.141,36.284,36.338,36.391,36.528,36.664,36.782,36.901,36.948,36.995,37.255,37.514,37.479,37.443,37.296,37.149,37.025,36.901,37.167,37.432,37.749,38.066,37.960,37.855,37.532,37.208,37.538,37.866,37.866,37.866,37.573,37.279,37.373,37.467,37.314,37.161,37.043,36.924,36.800,36.676,36.983,37.290,37.361,37.432,37.502,37.573,37.673,37.773,37.626,37.479,37.526,37.573,37.532,37.491,37.520,37.549,37.608,37.667,37.679,37.690,37.602,37.514,37.949,38.381,38.527,38.673,38.434,38.194,38.568,38.940,38.865,38.789,38.952,39.115,38.597,38.077,37.902,37.726,37.737,37.749,37.626,37.502,37.302,37.102,37.143,37.184,37.538,37.890,38.124,38.358,38.171,37.984,37.731,37.479,37.367,37.255,37.013,36.771,36.581,36.391,36.195,35.998,35.730,35.461,35.514,35.568,35.670,35.772,35.819,35.867,35.598,35.329,35.095,34.860,35.071,35.281,35.538,35.795,35.825,35.855,35.963,36.070,36.260,36.450,36.117,35.784,35.622,35.461,35.401,35.341,35.377,35.413,35.508,35.604,35.479,35.353,35.461,35.568,35.682,35.795,36.112,36.427,36.800,37.172,37.196,37.220,37.249,37.279,36.960,36.640,36.551,36.462,36.421,36.379,36.480,36.581,36.776,36.972,37.054,37.137,37.161,37.184,37.178,37.172,37.043,36.913,36.694,36.474,36.391,36.308,36.290,36.272,36.302,36.332,36.539,36.747,36.942,37.137,36.818,36.498,36.403,36.308,36.367,36.427,36.433,36.439,36.302,36.165,36.189,36.213,36.225,36.236,36.498,36.759,37.102,37.443,37.620,37.796,37.902,38.007,38.071,38.136,38.060,37.984,38.019,38.054,38.177,38.300,38.375,38.451,38.568,38.684,38.795,38.905,38.876,38.847,38.714,38.580,38.655,38.731,38.650,38.568,38.521,38.475,38.568
,48.278,46.981,45.670,44.400,43.118,42.104,41.082,40.556,40.027,39.520,39.010,38.486,37.960,37.408,36.853,36.522,36.189,35.628,35.065,34.486,33.905,33.747,33.588,33.491,33.393,33.381,33.369,33.576,33.783,33.795,33.807,33.735,33.661,33.576,33.491,33.393,33.296,33.454,33.613,33.454,33.296,33.491,33.686,34.147,34.607,34.968,35.329,35.281,35.233,35.125,35.017,35.089,35.161,35.137,35.113,35.017,34.920,34.619,34.317,33.990,33.661,33.552,33.442,33.528,33.613,33.601,33.588,33.649,33.710,33.686,33.661,33.783,33.905,34.232,34.559,35.125,35.688,35.784,35.879,35.915,35.951,36.165,36.379,36.617,36.853,36.901,36.948,37.361,37.773,37.561,37.349,37.184,37.019,36.830,36.640,37.137,37.632,37.913,38.194,38.019,37.843,37.561,37.279,37.491,37.702,37.714,37.726,37.408,37.090,37.220,37.349,37.208,37.066,37.054,37.043,36.794,36.545,36.830,37.113,37.125,37.137,37.290,37.443,37.479,37.514,37.373,37.231,37.172,37.113,37.125,37.137,37.279,37.420,37.549,37.679,37.667,37.655,37.573,37.491,37.902,38.311,38.346,38.381,38.136,37.890,38.077,38.264,38.323,38.381,38.673,38.964,38.475,37.984,37.784,37.585,37.643,37.702,37.549,37.396,37.184,36.972,37.090,37.208,37.549,37.890,38.112,38.335,38.183,38.031,37.855,37.679,37.502,37.326,37.078,36.830,36.735,36.640,36.498,36.355,36.082,35.807,35.736,35.664,35.688,35.712,35.855,35.998,35.712,35.425,35.257,35.089,35.329,35.568,35.748,35.927,36.129,36.332,36.367,36.403,36.628,36.853,36.522,36.189,36.010,35.831,35.544,35.257,35.269,35.281,35.413,35.544,35.449,35.353,35.425,35.497,35.580,35.664,36.034,36.403,36.806,37.208,37.243,37.279,37.302,37.326,36.983,36.640,36.486,36.332,36.332,36.332,36.474,36.617,36.782,36.948,36.865,36.782,36.889,36.995,37.054,37.113,37.019,36.924,36.664,36.403,36.415,36.427,36.320,36.213,36.248,36.284,36.510,36.735,36.948,37.161,36.865,36.569,36.415,36.260,36.308,36.355,36.427,36.498,36.320,36.141,36.272,36.403,36.344,36.284,36.474,36.664,37.054,37.443,37.643,37.843,37.913,37.984,38.112,38.241,38.124,38.007,38.054,38.101,38.194,38.288,38.358,38.428,38.416,38.405,38.463,38.521,38.545,38.568,38.521,38.475,38.591,38.708,38.650,38.591,38.603,38.615,38.684
,47.317,46.081,44.832,43.616,42.386,41.583,40.773,40.321,39.866,39.520,39.172,38.626,38.077,37.438,36.794,36.373,35.951,35.413,34.872,34.402,33.929,33.741,33.552,33.454,33.357,33.332,33.308,33.546,33.783,33.728,33.674,33.716,33.759,33.698,33.637,33.619,33.601,33.704,33.807,33.607,33.406,33.613,33.820,34.123,34.426,34.746,35.065,35.083,35.101,35.017,34.932,35.005,35.077,34.974,34.872,34.715,34.559,34.365,34.172,33.941,33.710,33.686,33.661,33.735,33.807,33.747,33.686,33.674,33.661,33.710,33.759,33.893,34.026,34.335,34.643,35.053,35.461,35.437,35.413,35.443,35.473,35.712,35.951,36.266,36.581,36.765,36.948,37.249,37.549,37.267,36.983,36.800,36.617,36.628,36.640,37.078,37.514,37.820,38.124,37.972,37.820,37.596,37.373,37.390,37.408,37.449,37.491,37.249,37.007,37.119,37.231,37.043,36.853,36.901,36.948,36.806,36.664,36.812,36.960,36.995,37.031,37.249,37.467,37.555,37.643,37.438,37.231,37.184,37.137,37.167,37.196,37.332,37.467,37.567,37.667,37.708,37.749,37.602,37.455,37.814,38.171,38.188,38.206,37.925,37.643,37.802,37.960,38.101,38.241,38.422,38.603,38.282,37.960,37.855,37.749,37.737,37.726,37.614,37.502,37.373,37.243,37.243,37.243,37.461,37.679,37.837,37.995,37.937,37.878,37.667,37.455,37.373,37.290,37.084,36.877,36.853,36.830,36.688,36.545,36.314,36.082,36.004,35.927,35.921,35.915,36.010,36.106,35.831,35.556,35.485,35.413,35.532,35.652,35.909,36.165,36.326,36.486,36.581,36.676,36.800,36.924,36.723,36.522,36.349,36.177,35.813,35.449,35.395,35.341,35.407,35.473,35.425,35.377,35.425,35.473,35.634,35.795,36.046,36.296,36.682,37.066,37.084,37.102,37.161,37.220,36.918,36.617,36.462,36.308,36.284,36.260,36.332,36.403,36.599,36.794,36.753,36.711,36.794,36.877,36.918,36.960,36.924,36.889,36.682,36.474,36.563,36.652,36.516,36.379,36.385,36.391,36.605,36.818,36.936,37.054,36.806,36.557,36.385,36.213,36.314,36.415,36.480,36.545,36.439,36.332,36.498,36.664,36.605,36.545,36.788,37.031,37.314,37.596,37.708,37.820,37.896,37.972,38.048,38.124,38.089,38.054,38.042,38.031,38.101,38.171,38.253,38.335,38.270,38.206,38.270,38.335,38.358,38.381,38.387,38.393,38.515,38.638,38.609,38.580,38.550,38.521,38.638
,46.349,45.175,43.989,42.826,41.651,41.059,40.464,40.085,39.705,39.520,39.335,38.766,38.194,37.467,36.735,36.225,35.712,35.197,34.679,34.317,33.953,33.735,33.515,33.418,33.320,33.284,33.247,33.515,33.783,33.661,33.540,33.698,33.856,33.820,33.783,33.844,33.905,33.953,34.002,33.759,33.515,33.735,33.953,34.099,34.244,34.522,34.800,34.884,34.968,34.908,34.848,34.920,34.992,34.812,34.631,34.414,34.196,34.111,34.026,33.893,33.759,33.820,33.880,33.941,34.002,33.893,33.783,33.698,33.613,33.735,33.856,34.002,34.147,34.438,34.728,34.980,35.233,35.089,34.944,34.968,34.992,35.257,35.520,35.915,36.308,36.628,36.948,37.137,37.326,36.972,36.617,36.415,36.213,36.427,36.640,37.019,37.396,37.726,38.054,37.925,37.796,37.632,37.467,37.290,37.113,37.184,37.255,37.090,36.924,37.019,37.113,36.877,36.640,36.747,36.853,36.818,36.782,36.794,36.806,36.865,36.924,37.208,37.491,37.632,37.773,37.502,37.231,37.196,37.161,37.208,37.255,37.385,37.514,37.585,37.655,37.749,37.843,37.632,37.420,37.726,38.031,38.031,38.031,37.714,37.396,37.526,37.655,37.878,38.101,38.171,38.241,38.089,37.937,37.925,37.913,37.831,37.749,37.679,37.608,37.561,37.514,37.396,37.279,37.373,37.467,37.561,37.655,37.690,37.726,37.479,37.231,37.243,37.255,37.090,36.924,36.972,37.019,36.877,36.735,36.545,36.355,36.272,36.189,36.153,36.117,36.165,36.213,35.951,35.688,35.712,35.736,35.736,35.736,36.070,36.403,36.522,36.640,36.794,36.948,36.972,36.995,36.924,36.853,36.688,36.522,36.082,35.640,35.520,35.401,35.401,35.401,35.401,35.401,35.425,35.449,35.688,35.927,36.058,36.189,36.557,36.924,36.924,36.924,37.019,37.113,36.853,36.593,36.439,36.284,36.236,36.189,36.189,36.189,36.415,36.640,36.640,36.640,36.699,36.759,36.782,36.806,36.830,36.853,36.699,36.545,36.711,36.877,36.711,36.545,36.522,36.498,36.699,36.901,36.924,36.948,36.747,36.545,36.355,36.165,36.320,36.474,36.534,36.593,36.557,36.522,36.723,36.924,36.865,36.806,37.102,37.396,37.573,37.749,37.773,37.796,37.878,37.960,37.984,38.007,38.054,38.101,38.031,37.960,38.007,38.054,38.148,38.241,38.124,38.007,38.077,38.148,38.171,38.194,38.253,38.311,38.440,38.568,38.568,38.568,38.498,38.428,38.591
,45.922,44.677,43.420,42.381,41.332,40.619,39.901,39.676,39.450,39.283,39.115,38.545,37.972,37.290,36.605,36.064,35.520,35.059,34.595,34.317,34.038,33.722,33.406,33.241,33.076,33.167,33.259,33.473,33.686,33.692,33.698,33.795,33.893,33.807,33.722,33.722,33.722,33.795,33.868,33.765,33.661,33.826,33.990,34.232,34.474,34.764,35.053,35.071,35.089,35.029,34.968,34.998,35.029,34.854,34.679,34.468,34.256,34.147,34.038,33.905,33.771,33.917,34.062,34.087,34.111,34.087,34.062,33.984,33.905,34.050,34.196,34.293,34.389,34.528,34.667,34.770,34.872,34.770,34.667,34.806,34.944,35.221,35.497,35.825,36.153,36.403,36.652,36.853,37.054,36.871,36.688,36.539,36.391,36.462,36.534,36.936,37.337,37.573,37.808,37.820,37.831,37.591,37.349,37.001,36.652,36.729,36.806,36.735,36.664,36.812,36.960,36.788,36.617,36.765,36.913,36.954,36.995,37.013,37.031,37.102,37.172,37.426,37.679,37.831,37.984,37.667,37.349,37.214,37.078,37.155,37.231,37.326,37.420,37.496,37.573,37.714,37.855,37.778,37.702,37.902,38.101,38.013,37.925,37.620,37.314,37.402,37.491,37.749,38.007,38.130,38.253,38.177,38.101,38.077,38.054,37.907,37.761,37.720,37.679,37.720,37.761,37.749,37.737,37.643,37.549,37.514,37.479,37.443,37.408,37.249,37.090,37.178,37.267,37.096,36.924,37.084,37.243,37.149,37.054,36.883,36.711,36.694,36.676,36.557,36.439,36.510,36.581,36.314,36.046,36.088,36.129,36.046,35.963,36.213,36.462,36.593,36.723,36.859,36.995,36.983,36.972,36.895,36.818,36.646,36.474,36.159,35.843,35.670,35.497,35.556,35.616,35.646,35.676,35.730,35.784,35.980,36.177,36.296,36.415,36.664,36.913,36.871,36.830,36.895,36.960,36.765,36.569,36.385,36.201,36.248,36.296,36.290,36.284,36.468,36.652,36.664,36.676,36.729,36.782,36.788,36.794,36.818,36.842,36.717,36.593,36.747,36.901,36.830,36.759,36.753,36.747,36.924,37.102,37.161,37.220,36.972,36.723,36.575,36.427,36.504,36.581,36.694,36.806,36.794,36.782,36.989,37.196,37.131,37.066,37.314,37.561,37.731,37.902,37.896,37.890,37.966,38.042,37.995,37.949,38.007,38.066,38.031,37.995,38.019,38.042,38.118,38.194,38.177,38.159,38.183,38.206,38.194,38.183,38.294,38.405,38.539,38.673,38.650,38.626,38.615,38.603,38.690
,45.494,44.178,42.848,41.934,41.013,40.177,39.335,39.265,39.196,39.045,38.894,38.323,37.749,37.113,36.474,35.903,35.329,34.920,34.510,34.317,34.123,33.710,33.296,33.063,32.831,33.051,33.271,33.430,33.588,33.722,33.856,33.893,33.929,33.795,33.661,33.601,33.540,33.637,33.735,33.771,33.807,33.917,34.026,34.365,34.703,35.005,35.305,35.257,35.209,35.149,35.089,35.077,35.065,34.896,34.728,34.522,34.317,34.184,34.050,33.917,33.783,34.014,34.244,34.232,34.220,34.281,34.341,34.268,34.196,34.365,34.534,34.583,34.631,34.619,34.607,34.559,34.510,34.450,34.389,34.643,34.896,35.185,35.473,35.736,35.998,36.177,36.355,36.569,36.782,36.771,36.759,36.664,36.569,36.498,36.427,36.853,37.279,37.420,37.561,37.714,37.866,37.549,37.231,36.711,36.189,36.272,36.355,36.379,36.403,36.605,36.806,36.699,36.593,36.782,36.972,37.090,37.208,37.231,37.255,37.337,37.420,37.643,37.866,38.031,38.194,37.831,37.467,37.231,36.995,37.102,37.208,37.267,37.326,37.408,37.491,37.679,37.866,37.925,37.984,38.077,38.171,37.995,37.820,37.526,37.231,37.279,37.326,37.620,37.913,38.089,38.264,38.264,38.264,38.229,38.194,37.984,37.773,37.761,37.749,37.878,38.007,38.101,38.194,37.913,37.632,37.467,37.302,37.196,37.090,37.019,36.948,37.113,37.279,37.102,36.924,37.196,37.467,37.420,37.373,37.220,37.066,37.113,37.161,36.960,36.759,36.853,36.948,36.676,36.403,36.462,36.522,36.355,36.189,36.355,36.522,36.664,36.806,36.924,37.043,36.995,36.948,36.865,36.782,36.605,36.427,36.236,36.046,35.819,35.592,35.712,35.831,35.891,35.951,36.034,36.117,36.272,36.427,36.534,36.640,36.771,36.901,36.818,36.735,36.771,36.806,36.676,36.545,36.332,36.117,36.260,36.403,36.391,36.379,36.522,36.664,36.688,36.711,36.759,36.806,36.794,36.782,36.806,36.830,36.735,36.640,36.782,36.924,36.948,36.972,36.983,36.995,37.149,37.302,37.396,37.491,37.196,36.901,36.794,36.688,36.688,36.688,36.853,37.019,37.031,37.043,37.255,37.467,37.396,37.326,37.526,37.726,37.890,38.054,38.019,37.984,38.054,38.124,38.007,37.890,37.960,38.031,38.031,38.031,38.031,38.031,38.089,38.148,38.229,38.311,38.288,38.264,38.218,38.171,38.335,38.498,38.638,38.778,38.731,38.684,38.731,38.778,38.789
,45.384,44.100,42.803,41.798,40.785,40.073,39.358,39.254,39.149,38.900,38.650,38.183,37.714,36.960,36.201,35.670,35.137,34.740,34.341,34.172,34.002,33.661,33.320,33.070,32.818,33.027,33.235,33.381,33.528,33.680,33.832,33.856,33.880,33.728,33.576,33.467,33.357,33.345,33.332,33.412,33.491,33.771,34.050,34.480,34.908,35.257,35.604,35.562,35.520,35.401,35.281,35.233,35.185,35.035,34.884,34.782,34.679,34.480,34.281,34.129,33.978,34.111,34.244,34.323,34.402,34.498,34.595,34.516,34.438,34.522,34.607,34.643,34.679,34.661,34.643,34.601,34.559,34.480,34.402,34.691,34.980,35.173,35.365,35.682,35.998,36.284,36.569,36.688,36.806,36.788,36.771,36.694,36.617,36.664,36.711,37.113,37.514,37.514,37.514,37.479,37.443,37.108,36.771,36.326,35.879,35.957,36.034,36.195,36.355,36.474,36.593,36.528,36.462,36.628,36.794,36.936,37.078,37.137,37.196,37.408,37.620,37.949,38.276,38.259,38.241,37.849,37.455,37.202,36.948,37.060,37.172,37.226,37.279,37.485,37.690,37.778,37.866,37.878,37.890,38.031,38.171,38.066,37.960,37.667,37.373,37.408,37.443,37.737,38.031,38.071,38.112,38.089,38.066,38.083,38.101,37.878,37.655,37.726,37.796,37.978,38.159,38.247,38.335,38.054,37.773,37.614,37.455,37.284,37.113,37.031,36.948,37.060,37.172,37.220,37.267,37.626,37.984,37.896,37.808,37.661,37.514,37.502,37.491,37.261,37.031,37.084,37.137,36.924,36.711,36.664,36.617,36.522,36.427,36.474,36.522,36.587,36.652,36.688,36.723,36.688,36.652,36.622,36.593,36.551,36.510,36.355,36.201,36.034,35.867,35.945,36.022,36.117,36.213,36.308,36.403,36.534,36.664,36.759,36.853,37.113,37.373,37.161,36.948,36.883,36.818,36.705,36.593,36.486,36.379,36.456,36.534,36.605,36.676,36.871,37.066,37.019,36.972,37.054,37.137,37.167,37.196,37.102,37.007,36.924,36.842,36.954,37.066,37.167,37.267,37.302,37.337,37.508,37.679,37.632,37.585,37.249,36.913,36.883,36.853,36.907,36.960,37.072,37.184,37.243,37.302,37.420,37.538,37.532,37.526,37.696,37.866,37.954,38.042,37.960,37.878,38.007,38.136,38.048,37.960,38.001,38.042,38.089,38.136,38.071,38.007,38.101,38.194,38.247,38.300,38.335,38.370,38.340,38.311,38.428,38.545,38.702,38.859,38.830,38.801,38.830,38.859,38.923
,45.274,44.023,42.758,41.662,40.556,39.970,39.381,39.242,39.103,38.754,38.405,38.042,37.679,36.806,35.927,35.437,34.944,34.559,34.172,34.026,33.880,33.613,33.345,33.076,32.806,33.002,33.198,33.332,33.467,33.637,33.807,33.820,33.832,33.661,33.491,33.332,33.174,33.051,32.929,33.051,33.174,33.625,34.075,34.595,35.113,35.508,35.903,35.867,35.831,35.652,35.473,35.389,35.305,35.173,35.041,35.041,35.041,34.776,34.510,34.341,34.172,34.208,34.244,34.414,34.583,34.715,34.848,34.764,34.679,34.679,34.679,34.703,34.728,34.703,34.679,34.643,34.607,34.510,34.414,34.740,35.065,35.161,35.257,35.628,35.998,36.391,36.782,36.806,36.830,36.806,36.782,36.723,36.664,36.830,36.995,37.373,37.749,37.608,37.467,37.243,37.019,36.664,36.308,35.939,35.568,35.640,35.712,36.010,36.308,36.344,36.379,36.355,36.332,36.474,36.617,36.782,36.948,37.043,37.137,37.479,37.820,38.253,38.684,38.486,38.288,37.866,37.443,37.172,36.901,37.019,37.137,37.184,37.231,37.561,37.890,37.878,37.866,37.831,37.796,37.984,38.171,38.136,38.101,37.808,37.514,37.538,37.561,37.855,38.148,38.054,37.960,37.913,37.866,37.937,38.007,37.773,37.538,37.690,37.843,38.077,38.311,38.393,38.475,38.194,37.913,37.761,37.608,37.373,37.137,37.043,36.948,37.007,37.066,37.337,37.608,38.054,38.498,38.370,38.241,38.101,37.960,37.890,37.820,37.561,37.302,37.314,37.326,37.172,37.019,36.865,36.711,36.688,36.664,36.593,36.522,36.510,36.498,36.450,36.403,36.379,36.355,36.379,36.403,36.498,36.593,36.474,36.355,36.248,36.141,36.177,36.213,36.344,36.474,36.581,36.688,36.794,36.901,36.983,37.066,37.455,37.843,37.502,37.161,36.995,36.830,36.735,36.640,36.640,36.640,36.652,36.664,36.818,36.972,37.220,37.467,37.349,37.231,37.349,37.467,37.538,37.608,37.396,37.184,37.113,37.043,37.125,37.208,37.385,37.561,37.620,37.679,37.866,38.054,37.866,37.679,37.302,36.924,36.972,37.019,37.125,37.231,37.290,37.349,37.455,37.561,37.585,37.608,37.667,37.726,37.866,38.007,38.019,38.031,37.902,37.773,37.960,38.148,38.089,38.031,38.042,38.054,38.148,38.241,38.112,37.984,38.112,38.241,38.264,38.288,38.381,38.475,38.463,38.451,38.521,38.591,38.766,38.940,38.929,38.917,38.929,38.940,39.056
,45.186,43.945,42.691,41.685,40.670,40.045,39.416,39.219,39.022,38.743,38.463,38.130,37.796,36.930,36.058,35.419,34.776,34.383,33.990,33.947,33.905,33.704,33.503,33.277,33.051,33.216,33.381,33.497,33.613,33.814,34.014,33.959,33.905,33.698,33.491,33.198,32.904,32.849,32.794,32.935,33.076,33.588,34.099,34.691,35.281,35.652,36.022,35.909,35.795,35.760,35.724,35.646,35.568,35.443,35.317,35.311,35.305,35.137,34.968,34.806,34.643,34.565,34.486,34.643,34.800,34.962,35.125,34.992,34.860,34.866,34.872,34.752,34.631,34.583,34.534,34.468,34.402,34.371,34.341,34.607,34.872,35.125,35.377,35.730,36.082,36.427,36.771,36.788,36.806,36.776,36.747,36.652,36.557,36.800,37.043,37.385,37.726,37.667,37.608,37.402,37.196,36.765,36.332,36.016,35.700,35.891,36.082,36.260,36.439,36.439,36.439,36.338,36.236,36.415,36.593,36.563,36.534,36.622,36.711,37.113,37.514,38.077,38.638,38.440,38.241,37.872,37.502,37.314,37.125,37.167,37.208,37.214,37.220,37.538,37.855,37.855,37.855,37.849,37.843,37.978,38.112,38.200,38.288,38.013,37.737,37.667,37.596,37.866,38.136,38.031,37.925,37.861,37.796,37.849,37.902,37.761,37.620,37.737,37.855,38.013,38.171,38.282,38.393,38.165,37.937,37.902,37.866,37.561,37.255,37.084,36.913,37.167,37.420,37.837,38.253,38.911,39.566,39.248,38.929,38.632,38.335,38.270,38.206,37.978,37.749,37.608,37.467,37.332,37.196,37.078,36.960,36.818,36.676,36.646,36.617,36.670,36.723,36.528,36.332,36.344,36.355,36.391,36.427,36.699,36.972,36.759,36.545,36.492,36.439,36.492,36.545,36.699,36.853,37.019,37.184,37.243,37.302,37.326,37.349,37.673,37.995,37.702,37.408,37.137,36.865,36.771,36.676,36.776,36.877,36.930,36.983,37.220,37.455,37.620,37.784,37.726,37.667,37.755,37.843,37.831,37.820,37.667,37.514,37.491,37.467,37.538,37.608,37.755,37.902,38.066,38.229,38.399,38.568,38.335,38.101,37.620,37.137,37.143,37.149,37.302,37.455,37.502,37.549,37.585,37.620,37.702,37.784,37.767,37.749,37.784,37.820,37.866,37.913,37.849,37.784,37.995,38.206,38.142,38.077,38.130,38.183,38.212,38.241,38.200,38.159,38.229,38.300,38.410,38.521,38.574,38.626,38.609,38.591,38.626,38.661,38.812,38.964,38.929,38.894,38.929,38.964,39.033
,45.097,43.867,42.623,41.707,40.785,40.119,39.450,39.196,38.940,38.731,38.521,38.218,37.913,37.054,36.189,35.401,34.607,34.208,33.807,33.868,33.929,33.795,33.661,33.479,33.296,33.430,33.564,33.661,33.759,33.990,34.220,34.099,33.978,33.735,33.491,33.063,32.634,32.647,32.659,32.818,32.978,33.552,34.123,34.788,35.449,35.795,36.141,35.951,35.760,35.867,35.974,35.903,35.831,35.712,35.592,35.580,35.568,35.497,35.425,35.269,35.113,34.920,34.728,34.872,35.017,35.209,35.401,35.221,35.041,35.053,35.065,34.800,34.534,34.462,34.389,34.293,34.196,34.232,34.268,34.474,34.679,35.089,35.497,35.831,36.165,36.462,36.759,36.771,36.782,36.747,36.711,36.581,36.450,36.771,37.090,37.396,37.702,37.726,37.749,37.561,37.373,36.865,36.355,36.094,35.831,36.141,36.450,36.510,36.569,36.534,36.498,36.320,36.141,36.355,36.569,36.344,36.117,36.201,36.284,36.747,37.208,37.902,38.591,38.393,38.194,37.878,37.561,37.455,37.349,37.314,37.279,37.243,37.208,37.514,37.820,37.831,37.843,37.866,37.890,37.972,38.054,38.264,38.475,38.218,37.960,37.796,37.632,37.878,38.124,38.007,37.890,37.808,37.726,37.761,37.796,37.749,37.702,37.784,37.866,37.949,38.031,38.171,38.311,38.136,37.960,38.042,38.124,37.749,37.373,37.125,36.877,37.326,37.773,38.335,38.894,39.762,40.624,40.119,39.612,39.161,38.708,38.650,38.591,38.393,38.194,37.902,37.608,37.491,37.373,37.290,37.208,36.948,36.688,36.699,36.711,36.830,36.948,36.605,36.260,36.308,36.355,36.403,36.450,36.901,37.349,37.043,36.735,36.735,36.735,36.806,36.877,37.054,37.231,37.455,37.679,37.690,37.702,37.667,37.632,37.890,38.148,37.902,37.655,37.279,36.901,36.806,36.711,36.913,37.113,37.208,37.302,37.620,37.937,38.019,38.101,38.101,38.101,38.159,38.218,38.124,38.031,37.937,37.843,37.866,37.890,37.949,38.007,38.124,38.241,38.510,38.778,38.929,39.080,38.801,38.521,37.937,37.349,37.314,37.279,37.479,37.679,37.714,37.749,37.714,37.679,37.820,37.960,37.866,37.773,37.702,37.632,37.714,37.796,37.796,37.796,38.031,38.264,38.194,38.124,38.218,38.311,38.276,38.241,38.288,38.335,38.346,38.358,38.556,38.754,38.766,38.778,38.754,38.731,38.731,38.731,38.859,38.987,38.929,38.871,38.929,38.987,39.010
,44.921,43.593,42.251,41.503,40.750,40.211,39.670,39.485,39.300,39.033,38.766,38.294,37.820,37.143,36.462,35.790,35.113,34.685,34.256,34.129,34.002,33.971,33.941,33.747,33.552,33.686,33.820,33.941,34.062,34.105,34.147,34.093,34.038,33.704,33.369,33.088,32.806,32.794,32.782,32.947,33.112,33.655,34.196,34.752,35.305,35.628,35.951,35.879,35.807,35.915,36.022,36.112,36.201,36.022,35.843,35.724,35.604,35.694,35.784,35.742,35.700,35.413,35.125,35.161,35.197,35.335,35.473,35.347,35.221,35.095,34.968,34.782,34.595,34.365,34.135,34.093,34.050,34.056,34.062,34.262,34.462,34.818,35.173,35.646,36.117,36.385,36.652,36.640,36.628,36.551,36.474,36.361,36.248,36.617,36.983,37.208,37.432,37.620,37.808,37.620,37.432,36.942,36.450,36.421,36.391,36.670,36.948,36.741,36.534,36.480,36.427,36.207,35.986,36.171,36.355,36.201,36.046,36.064,36.082,36.427,36.771,37.355,37.937,37.943,37.949,37.743,37.538,37.455,37.373,37.349,37.326,37.332,37.337,37.520,37.702,37.761,37.820,37.814,37.808,37.890,37.972,38.188,38.405,38.294,38.183,37.919,37.655,37.855,38.054,37.925,37.796,37.790,37.784,37.802,37.820,37.761,37.702,37.778,37.855,37.978,38.101,38.112,38.124,38.089,38.054,38.112,38.171,37.872,37.573,37.396,37.220,37.579,37.937,38.620,39.300,40.240,41.173,40.750,40.326,39.803,39.277,39.155,39.033,38.760,38.486,38.171,37.855,37.614,37.373,37.355,37.337,37.231,37.125,37.161,37.196,37.243,37.290,36.995,36.699,36.794,36.889,36.995,37.102,37.467,37.831,37.491,37.149,37.066,36.983,37.060,37.137,37.367,37.596,37.913,38.229,38.142,38.054,37.954,37.855,38.007,38.159,37.849,37.538,37.208,36.877,36.818,36.759,37.001,37.243,37.473,37.702,38.101,38.498,38.603,38.708,38.527,38.346,38.288,38.229,38.206,38.183,38.183,38.183,38.171,38.159,38.229,38.300,38.393,38.486,38.737,38.987,39.178,39.369,39.016,38.661,38.112,37.561,37.514,37.467,37.626,37.784,37.896,38.007,37.960,37.913,37.954,37.995,37.884,37.773,37.679,37.585,37.655,37.726,37.743,37.761,37.902,38.042,38.130,38.218,38.218,38.218,38.259,38.300,38.346,38.393,38.457,38.521,38.702,38.882,38.894,38.905,38.847,38.789,38.853,38.917,39.033,39.149,39.074,38.998,38.952,38.905,38.917
,44.744,43.319,41.878,41.298,40.716,40.303,39.889,39.774,39.658,39.335,39.010,38.370,37.726,37.231,36.735,36.177,35.616,35.161,34.703,34.389,34.075,34.147,34.220,34.014,33.807,33.941,34.075,34.220,34.365,34.220,34.075,34.087,34.099,33.674,33.247,33.112,32.978,32.941,32.904,33.076,33.247,33.759,34.268,34.715,35.161,35.461,35.760,35.807,35.855,35.963,36.070,36.320,36.569,36.332,36.094,35.867,35.640,35.891,36.141,36.213,36.284,35.903,35.520,35.449,35.377,35.461,35.544,35.473,35.401,35.137,34.872,34.764,34.655,34.268,33.880,33.893,33.905,33.880,33.856,34.050,34.244,34.547,34.848,35.461,36.070,36.308,36.545,36.510,36.474,36.355,36.236,36.141,36.046,36.462,36.877,37.019,37.161,37.514,37.866,37.679,37.491,37.019,36.545,36.747,36.948,37.196,37.443,36.972,36.498,36.427,36.355,36.094,35.831,35.986,36.141,36.058,35.974,35.927,35.879,36.106,36.332,36.806,37.279,37.491,37.702,37.608,37.514,37.455,37.396,37.385,37.373,37.420,37.467,37.526,37.585,37.690,37.796,37.761,37.726,37.808,37.890,38.112,38.335,38.370,38.405,38.042,37.679,37.831,37.984,37.843,37.702,37.773,37.843,37.843,37.843,37.773,37.702,37.773,37.843,38.007,38.171,38.054,37.937,38.042,38.148,38.183,38.218,37.995,37.773,37.667,37.561,37.831,38.101,38.905,39.705,40.716,41.719,41.378,41.036,40.441,39.843,39.658,39.474,39.126,38.778,38.440,38.101,37.737,37.373,37.420,37.467,37.514,37.561,37.620,37.679,37.655,37.632,37.385,37.137,37.279,37.420,37.585,37.749,38.031,38.311,37.937,37.561,37.396,37.231,37.314,37.396,37.679,37.960,38.370,38.778,38.591,38.405,38.241,38.077,38.124,38.171,37.796,37.420,37.137,36.853,36.830,36.806,37.090,37.373,37.737,38.101,38.580,39.056,39.184,39.312,38.952,38.591,38.416,38.241,38.288,38.335,38.428,38.521,38.475,38.428,38.510,38.591,38.661,38.731,38.964,39.196,39.427,39.658,39.230,38.801,38.288,37.773,37.714,37.655,37.773,37.890,38.077,38.264,38.206,38.148,38.089,38.031,37.902,37.773,37.655,37.538,37.596,37.655,37.690,37.726,37.773,37.820,38.066,38.311,38.218,38.124,38.241,38.358,38.405,38.451,38.568,38.684,38.847,39.010,39.022,39.033,38.940,38.847,38.975,39.103,39.207,39.312,39.219,39.126,38.975,38.824,38.824
,44.843,43.392,41.923,41.293,40.659,40.407,40.154,40.027,39.901,39.537,39.172,38.638,38.101,37.643,37.184,36.699,36.213,35.718,35.221,34.902,34.583,34.631,34.679,34.438,34.196,34.262,34.329,34.414,34.498,34.347,34.196,34.075,33.953,33.680,33.406,33.314,33.222,33.174,33.125,33.302,33.479,33.984,34.486,34.818,35.149,35.407,35.664,35.754,35.843,35.998,36.153,36.355,36.557,36.391,36.225,36.076,35.927,36.207,36.486,36.486,36.486,36.248,36.010,35.843,35.676,35.616,35.556,35.485,35.413,35.155,34.896,34.788,34.679,34.468,34.256,34.178,34.099,34.117,34.135,34.262,34.389,34.565,34.740,35.263,35.784,36.004,36.225,36.266,36.308,36.248,36.189,36.213,36.236,36.634,37.031,37.072,37.113,37.561,38.007,37.884,37.761,37.308,36.853,37.072,37.290,37.420,37.549,37.007,36.462,36.308,36.153,35.879,35.604,35.837,36.070,36.016,35.963,36.040,36.117,36.195,36.272,36.688,37.102,37.214,37.326,37.349,37.373,37.379,37.385,37.385,37.385,37.414,37.443,37.514,37.585,37.626,37.667,37.626,37.585,37.702,37.820,38.101,38.381,38.405,38.428,38.060,37.690,37.696,37.702,37.714,37.726,37.861,37.995,37.913,37.831,37.708,37.585,37.632,37.679,37.884,38.089,37.995,37.902,37.966,38.031,38.083,38.136,37.995,37.855,37.878,37.902,38.183,38.463,39.300,40.131,40.825,41.514,41.372,41.230,40.893,40.556,40.424,40.292,39.970,39.647,39.213,38.778,38.335,37.890,37.837,37.784,37.931,38.077,38.200,38.323,38.294,38.264,38.025,37.784,37.855,37.925,38.031,38.136,38.545,38.952,38.504,38.054,37.784,37.514,37.649,37.784,37.990,38.194,38.585,38.975,38.824,38.673,38.504,38.335,38.305,38.276,37.825,37.373,37.108,36.842,36.918,36.995,37.314,37.632,38.031,38.428,38.871,39.312,39.416,39.520,39.178,38.836,38.708,38.580,38.597,38.615,38.690,38.766,38.748,38.731,38.783,38.836,38.865,38.894,39.120,39.346,39.630,39.912,39.520,39.126,38.620,38.112,38.007,37.902,38.019,38.136,38.282,38.428,38.317,38.206,38.148,38.089,37.890,37.690,37.608,37.526,37.608,37.690,37.679,37.667,37.808,37.949,38.171,38.393,38.311,38.229,38.405,38.580,38.684,38.789,38.964,39.138,39.242,39.346,39.312,39.277,39.207,39.138,39.236,39.335,39.416,39.497,39.329,39.161,39.045,38.929,38.900
,44.943,43.465,41.968,41.287,40.602,40.510,40.418,40.280,40.142,39.739,39.335,38.905,38.475,38.054,37.632,37.220,36.806,36.272,35.736,35.413,35.089,35.113,35.137,34.860,34.583,34.583,34.583,34.607,34.631,34.474,34.317,34.062,33.807,33.686,33.564,33.515,33.467,33.406,33.345,33.528,33.710,34.208,34.703,34.920,35.137,35.353,35.568,35.700,35.831,36.034,36.236,36.391,36.545,36.450,36.355,36.284,36.213,36.522,36.830,36.759,36.688,36.593,36.498,36.236,35.974,35.772,35.568,35.497,35.425,35.173,34.920,34.812,34.703,34.667,34.631,34.462,34.293,34.353,34.414,34.474,34.534,34.583,34.631,35.065,35.497,35.700,35.903,36.022,36.141,36.141,36.141,36.284,36.427,36.806,37.184,37.125,37.066,37.608,38.148,38.089,38.031,37.596,37.161,37.396,37.632,37.643,37.655,37.043,36.427,36.189,35.951,35.664,35.377,35.688,35.998,35.974,35.951,36.153,36.355,36.284,36.213,36.569,36.924,36.936,36.948,37.090,37.231,37.302,37.373,37.385,37.396,37.408,37.420,37.502,37.585,37.561,37.538,37.491,37.443,37.596,37.749,38.089,38.428,38.440,38.451,38.077,37.702,37.561,37.420,37.585,37.749,37.949,38.148,37.984,37.820,37.643,37.467,37.491,37.514,37.761,38.007,37.937,37.866,37.890,37.913,37.984,38.054,37.995,37.937,38.089,38.241,38.533,38.824,39.693,40.556,40.933,41.310,41.367,41.423,41.344,41.264,41.184,41.104,40.808,40.510,39.981,39.450,38.929,38.405,38.253,38.101,38.346,38.591,38.778,38.964,38.929,38.894,38.661,38.428,38.428,38.428,38.475,38.521,39.056,39.589,39.068,38.545,38.171,37.796,37.984,38.171,38.300,38.428,38.801,39.172,39.056,38.940,38.766,38.591,38.486,38.381,37.855,37.326,37.078,36.830,37.007,37.184,37.538,37.890,38.323,38.754,39.161,39.566,39.647,39.728,39.404,39.080,38.998,38.917,38.905,38.894,38.952,39.010,39.022,39.033,39.056,39.080,39.068,39.056,39.277,39.497,39.832,40.165,39.809,39.450,38.952,38.451,38.300,38.148,38.264,38.381,38.486,38.591,38.428,38.264,38.206,38.148,37.878,37.608,37.561,37.514,37.620,37.726,37.667,37.608,37.843,38.077,38.276,38.475,38.405,38.335,38.568,38.801,38.964,39.126,39.358,39.589,39.635,39.682,39.601,39.520,39.474,39.427,39.497,39.566,39.624,39.682,39.439,39.196,39.115,39.033,38.975
,45.461,44.067,42.657,41.912,41.162,41.070,40.979,40.865,40.750,40.309,39.866,39.456,39.045,38.632,38.218,37.737,37.255,36.723,36.189,35.706,35.221,35.125,35.029,34.908,34.788,34.722,34.655,34.577,34.498,34.335,34.172,33.941,33.710,33.631,33.552,33.582,33.613,33.521,33.430,33.722,34.014,34.456,34.896,35.113,35.329,35.461,35.592,35.718,35.843,35.974,36.106,36.308,36.510,36.504,36.498,36.433,36.367,36.593,36.818,36.759,36.699,36.688,36.676,36.433,36.189,35.933,35.676,35.532,35.389,35.239,35.089,35.077,35.065,34.998,34.932,34.848,34.764,34.728,34.691,34.776,34.860,34.800,34.740,35.041,35.341,35.538,35.736,35.790,35.843,35.855,35.867,36.207,36.545,37.013,37.479,37.538,37.596,37.913,38.229,38.118,38.007,37.673,37.337,37.502,37.667,37.796,37.925,37.190,36.450,36.242,36.034,35.736,35.437,35.760,36.082,36.064,36.046,36.171,36.296,36.207,36.117,36.450,36.782,36.771,36.759,36.930,37.102,37.302,37.502,37.449,37.396,37.443,37.491,37.555,37.620,37.538,37.455,37.379,37.302,37.585,37.866,38.124,38.381,38.346,38.311,38.013,37.714,37.632,37.549,37.696,37.843,37.931,38.019,37.931,37.843,37.649,37.455,37.438,37.420,37.555,37.690,37.731,37.773,37.849,37.925,37.990,38.054,37.995,37.937,38.142,38.346,38.766,39.184,39.930,40.670,40.899,41.127,41.139,41.150,41.190,41.230,41.423,41.617,41.418,41.218,40.682,40.142,39.699,39.254,39.178,39.103,39.317,39.531,39.837,40.142,39.889,39.635,39.196,38.754,38.644,38.533,38.638,38.743,39.115,39.485,39.115,38.743,38.515,38.288,38.492,38.696,38.842,38.987,39.236,39.485,39.398,39.312,39.103,38.894,38.702,38.510,37.954,37.396,37.196,36.995,37.125,37.255,37.638,38.019,38.469,38.917,39.312,39.705,39.855,40.004,39.751,39.497,39.398,39.300,39.201,39.103,39.149,39.196,39.207,39.219,39.190,39.161,39.172,39.184,39.364,39.543,39.768,39.993,39.716,39.439,39.022,38.603,38.463,38.323,38.399,38.475,38.562,38.650,38.545,38.440,38.375,38.311,38.060,37.808,37.731,37.655,37.737,37.820,37.796,37.773,37.972,38.171,38.381,38.591,38.661,38.731,38.876,39.022,39.288,39.555,39.722,39.889,39.953,40.016,39.930,39.843,39.762,39.682,39.716,39.751,39.785,39.820,39.658,39.497,39.398,39.300,39.207
,45.977,44.666,43.342,42.533,41.719,41.628,41.537,41.446,41.355,40.876,40.395,40.004,39.612,39.207,38.801,38.253,37.702,37.172,36.640,35.998,35.353,35.137,34.920,34.956,34.992,34.860,34.728,34.547,34.365,34.196,34.026,33.820,33.613,33.576,33.540,33.649,33.759,33.637,33.515,33.917,34.317,34.703,35.089,35.305,35.520,35.568,35.616,35.736,35.855,35.915,35.974,36.225,36.474,36.557,36.640,36.581,36.522,36.664,36.806,36.759,36.711,36.782,36.853,36.628,36.403,36.094,35.784,35.568,35.353,35.305,35.257,35.341,35.425,35.329,35.233,35.233,35.233,35.101,34.968,35.077,35.185,35.017,34.848,35.017,35.185,35.377,35.568,35.556,35.544,35.568,35.592,36.129,36.664,37.220,37.773,37.949,38.124,38.218,38.311,38.148,37.984,37.749,37.514,37.608,37.702,37.949,38.194,37.337,36.474,36.296,36.117,35.807,35.497,35.831,36.165,36.153,36.141,36.189,36.236,36.129,36.022,36.332,36.640,36.605,36.569,36.771,36.972,37.302,37.632,37.514,37.396,37.479,37.561,37.608,37.655,37.514,37.373,37.267,37.161,37.573,37.984,38.159,38.335,38.253,38.171,37.949,37.726,37.702,37.679,37.808,37.937,37.913,37.890,37.878,37.866,37.655,37.443,37.385,37.326,37.349,37.373,37.526,37.679,37.808,37.937,37.995,38.054,37.995,37.937,38.194,38.451,38.998,39.543,40.165,40.785,40.865,40.945,40.910,40.876,41.036,41.196,41.662,42.127,42.025,41.923,41.378,40.830,40.464,40.096,40.096,40.096,40.280,40.464,40.888,41.310,40.842,40.372,39.728,39.080,38.859,38.638,38.801,38.964,39.172,39.381,39.161,38.940,38.859,38.778,38.998,39.219,39.381,39.543,39.670,39.797,39.739,39.682,39.439,39.196,38.917,38.638,38.054,37.467,37.314,37.161,37.243,37.326,37.737,38.148,38.615,39.080,39.462,39.843,40.062,40.280,40.096,39.912,39.797,39.682,39.497,39.312,39.346,39.381,39.393,39.404,39.323,39.242,39.277,39.312,39.450,39.589,39.705,39.820,39.624,39.427,39.091,38.754,38.626,38.498,38.533,38.568,38.638,38.708,38.661,38.615,38.545,38.475,38.241,38.007,37.902,37.796,37.855,37.913,37.925,37.937,38.101,38.264,38.486,38.708,38.917,39.126,39.184,39.242,39.612,39.981,40.085,40.188,40.269,40.349,40.257,40.165,40.050,39.935,39.935,39.935,39.947,39.958,39.878,39.797,39.682,39.566,39.439
,46.763,45.664,44.556,43.683,42.803,42.646,42.488,42.409,42.330,41.810,41.287,40.722,40.154,39.751,39.346,38.766,38.183,37.455,36.723,36.171,35.616,35.257,34.896,34.920,34.944,34.794,34.643,34.474,34.305,34.111,33.917,33.777,33.637,33.564,33.491,33.692,33.893,33.838,33.783,34.141,34.498,34.896,35.293,35.425,35.556,35.616,35.676,35.736,35.795,35.921,36.046,36.266,36.486,36.504,36.522,36.563,36.605,36.735,36.865,36.794,36.723,36.753,36.782,36.611,36.439,36.183,35.927,35.724,35.520,35.413,35.305,35.431,35.556,35.520,35.485,35.574,35.664,35.503,35.341,35.293,35.245,35.011,34.776,34.848,34.920,35.053,35.185,35.173,35.161,35.287,35.413,35.927,36.439,37.167,37.890,38.101,38.311,38.370,38.428,38.282,38.136,37.861,37.585,37.467,37.349,37.679,38.007,37.379,36.747,36.634,36.522,36.278,36.034,36.266,36.498,36.308,36.117,36.183,36.248,36.219,36.189,36.403,36.617,36.676,36.735,36.954,37.172,37.449,37.726,37.602,37.479,37.402,37.326,37.302,37.279,37.231,37.184,37.143,37.102,37.579,38.054,38.124,38.194,38.077,37.960,37.896,37.831,37.866,37.902,38.036,38.171,38.107,38.042,37.972,37.902,37.679,37.455,37.379,37.302,37.326,37.349,37.390,37.432,37.620,37.808,37.943,38.077,38.083,38.089,38.311,38.533,39.149,39.762,40.275,40.785,40.853,40.922,40.950,40.979,40.933,40.888,41.418,41.946,41.866,41.787,41.475,41.162,40.722,40.280,40.384,40.487,40.876,41.264,41.719,42.172,41.622,41.070,40.275,39.474,39.178,38.882,38.871,38.859,39.010,39.161,39.027,38.894,38.969,39.045,39.283,39.520,39.878,40.234,40.424,40.613,40.292,39.970,39.635,39.300,38.998,38.696,38.188,37.679,37.555,37.432,37.514,37.596,38.007,38.416,38.871,39.323,39.757,40.188,40.481,40.773,40.619,40.464,40.309,40.154,39.906,39.658,39.676,39.693,39.722,39.751,39.676,39.601,39.572,39.543,39.664,39.785,39.837,39.889,39.739,39.589,39.225,38.859,38.865,38.871,38.917,38.964,39.045,39.126,38.981,38.836,38.754,38.673,38.457,38.241,38.124,38.007,38.060,38.112,38.177,38.241,38.416,38.591,38.836,39.080,39.207,39.335,39.485,39.635,39.912,40.188,40.401,40.613,40.705,40.796,40.579,40.361,40.275,40.188,40.298,40.407,40.493,40.579,40.430,40.280,40.142,40.004,39.999
,47.544,46.654,45.758,44.821,43.878,43.655,43.431,43.364,43.297,42.736,42.172,41.435,40.693,40.292,39.889,39.277,38.661,37.737,36.806,36.344,35.879,35.377,34.872,34.884,34.896,34.728,34.559,34.402,34.244,34.026,33.807,33.735,33.661,33.552,33.442,33.735,34.026,34.038,34.050,34.365,34.679,35.089,35.497,35.544,35.592,35.664,35.736,35.736,35.736,35.927,36.117,36.308,36.498,36.450,36.403,36.545,36.688,36.806,36.924,36.830,36.735,36.723,36.711,36.593,36.474,36.272,36.070,35.879,35.688,35.520,35.353,35.520,35.688,35.712,35.736,35.915,36.094,35.903,35.712,35.508,35.305,35.005,34.703,34.679,34.655,34.728,34.800,34.788,34.776,35.005,35.233,35.724,36.213,37.113,38.007,38.253,38.498,38.521,38.545,38.416,38.288,37.972,37.655,37.326,36.995,37.408,37.820,37.420,37.019,36.972,36.924,36.747,36.569,36.699,36.830,36.462,36.094,36.177,36.260,36.308,36.355,36.474,36.593,36.747,36.901,37.137,37.373,37.596,37.820,37.690,37.561,37.326,37.090,36.995,36.901,36.948,36.995,37.019,37.043,37.585,38.124,38.089,38.054,37.902,37.749,37.843,37.937,38.031,38.124,38.264,38.405,38.300,38.194,38.066,37.937,37.702,37.467,37.373,37.279,37.302,37.326,37.255,37.184,37.432,37.679,37.890,38.101,38.171,38.241,38.428,38.615,39.300,39.981,40.384,40.785,40.842,40.899,40.990,41.082,40.830,40.579,41.173,41.764,41.707,41.651,41.571,41.492,40.979,40.464,40.670,40.876,41.469,42.059,42.544,43.028,42.398,41.764,40.819,39.866,39.497,39.126,38.940,38.754,38.847,38.940,38.894,38.847,39.080,39.312,39.566,39.820,40.372,40.922,41.173,41.423,40.842,40.257,39.832,39.404,39.080,38.754,38.323,37.890,37.796,37.702,37.784,37.866,38.276,38.684,39.126,39.566,40.050,40.533,40.899,41.264,41.139,41.013,40.819,40.624,40.315,40.004,40.004,40.004,40.050,40.096,40.027,39.958,39.866,39.774,39.878,39.981,39.970,39.958,39.855,39.751,39.358,38.964,39.103,39.242,39.300,39.358,39.450,39.543,39.300,39.056,38.964,38.871,38.673,38.475,38.346,38.218,38.264,38.311,38.428,38.545,38.731,38.917,39.184,39.450,39.497,39.543,39.785,40.027,40.211,40.395,40.716,41.036,41.139,41.241,40.899,40.556,40.498,40.441,40.659,40.876,41.036,41.196,40.979,40.762,40.602,40.441,40.556
,47.804,47.165,46.523,45.829,45.131,44.794,44.456,44.300,44.145,43.515,42.882,42.025,41.162,40.630,40.096,39.526,38.952,38.013,37.066,36.510,35.951,35.538,35.125,35.053,34.980,34.860,34.740,34.577,34.414,34.178,33.941,33.838,33.735,33.686,33.637,33.984,34.329,34.438,34.547,34.655,34.764,35.191,35.616,35.604,35.592,35.634,35.676,35.801,35.927,36.153,36.379,36.474,36.569,36.468,36.367,36.480,36.593,36.676,36.759,36.682,36.605,36.599,36.593,36.528,36.462,36.278,36.094,35.998,35.903,35.837,35.772,35.885,35.998,36.040,36.082,36.153,36.225,36.004,35.784,35.520,35.257,34.998,34.740,34.728,34.715,34.709,34.703,34.667,34.631,34.788,34.944,35.383,35.819,36.699,37.573,37.896,38.218,38.206,38.194,38.007,37.820,37.508,37.196,36.978,36.759,37.025,37.290,37.167,37.043,37.090,37.137,37.025,36.913,37.066,37.220,36.836,36.450,36.415,36.379,36.367,36.355,36.486,36.617,36.877,37.137,37.290,37.443,37.502,37.561,37.455,37.349,37.137,36.924,36.818,36.711,36.782,36.853,36.966,37.078,37.491,37.902,37.878,37.855,37.784,37.714,37.855,37.995,38.054,38.112,38.124,38.136,38.130,38.124,38.083,38.042,37.855,37.667,37.549,37.432,37.373,37.314,37.267,37.220,37.538,37.855,37.943,38.031,38.083,38.136,38.370,38.603,39.016,39.427,39.964,40.498,40.624,40.750,40.830,40.910,40.693,40.475,40.876,41.275,41.162,41.047,40.956,40.865,40.590,40.315,40.745,41.173,41.878,42.578,42.893,43.207,42.702,42.194,41.230,40.257,39.791,39.323,39.155,38.987,39.010,39.033,39.074,39.115,39.358,39.601,39.964,40.326,41.030,41.730,42.002,42.274,41.600,40.922,40.309,39.693,39.358,39.022,38.626,38.229,38.276,38.323,38.445,38.568,38.993,39.416,39.809,40.200,40.659,41.116,41.503,41.889,41.668,41.446,41.224,41.002,40.739,40.475,40.510,40.544,40.579,40.613,40.556,40.498,40.516,40.533,40.596,40.659,40.527,40.395,40.240,40.085,39.780,39.474,39.555,39.635,39.728,39.820,40.022,40.223,39.941,39.658,39.514,39.369,39.004,38.638,38.591,38.545,38.580,38.615,38.818,39.022,39.283,39.543,39.728,39.912,39.947,39.981,40.194,40.407,40.647,40.888,41.184,41.480,41.406,41.332,40.990,40.647,40.727,40.808,41.173,41.537,41.713,41.889,41.634,41.378,41.179,40.979,41.076
,48.062,47.674,47.284,46.828,46.371,45.922,45.472,45.230,44.987,44.289,43.588,42.612,41.628,40.968,40.303,39.774,39.242,38.288,37.326,36.676,36.022,35.700,35.377,35.221,35.065,34.992,34.920,34.752,34.583,34.329,34.075,33.941,33.807,33.820,33.832,34.232,34.631,34.836,35.041,34.944,34.848,35.293,35.736,35.664,35.592,35.604,35.616,35.867,36.117,36.379,36.640,36.640,36.640,36.486,36.332,36.415,36.498,36.545,36.593,36.534,36.474,36.474,36.474,36.462,36.450,36.284,36.117,36.117,36.117,36.153,36.189,36.248,36.308,36.367,36.427,36.391,36.355,36.106,35.855,35.532,35.209,34.992,34.776,34.776,34.776,34.691,34.607,34.547,34.486,34.571,34.655,35.041,35.425,36.284,37.137,37.538,37.937,37.890,37.843,37.596,37.349,37.043,36.735,36.628,36.522,36.640,36.759,36.913,37.066,37.208,37.349,37.302,37.255,37.432,37.608,37.208,36.806,36.652,36.498,36.427,36.355,36.498,36.640,37.007,37.373,37.443,37.514,37.408,37.302,37.220,37.137,36.948,36.759,36.640,36.522,36.617,36.711,36.913,37.113,37.396,37.679,37.667,37.655,37.667,37.679,37.866,38.054,38.077,38.101,37.984,37.866,37.960,38.054,38.101,38.148,38.007,37.866,37.726,37.585,37.443,37.302,37.279,37.255,37.643,38.031,37.995,37.960,37.995,38.031,38.311,38.591,38.731,38.871,39.543,40.211,40.407,40.602,40.670,40.739,40.556,40.372,40.579,40.785,40.613,40.441,40.338,40.234,40.200,40.165,40.819,41.469,42.285,43.095,43.241,43.386,43.005,42.623,41.639,40.647,40.085,39.520,39.369,39.219,39.172,39.126,39.254,39.381,39.635,39.889,40.361,40.830,41.685,42.533,42.826,43.118,42.353,41.583,40.785,39.981,39.635,39.288,38.929,38.568,38.754,38.940,39.103,39.265,39.705,40.142,40.487,40.830,41.264,41.696,42.104,42.510,42.194,41.878,41.628,41.378,41.162,40.945,41.013,41.082,41.104,41.127,41.082,41.036,41.162,41.287,41.310,41.332,41.082,40.830,40.624,40.418,40.200,39.981,40.004,40.027,40.154,40.280,40.590,40.899,40.579,40.257,40.062,39.866,39.335,38.801,38.836,38.871,38.894,38.917,39.207,39.497,39.832,40.165,40.269,40.372,40.395,40.418,40.602,40.785,41.082,41.378,41.651,41.923,41.673,41.423,41.082,40.739,40.956,41.173,41.685,42.194,42.386,42.578,42.285,41.991,41.753,41.514,41.594
,47.911,47.766,47.620,47.414,47.208,46.774,46.338,45.867,45.395,44.733,44.067,43.174,42.274,41.469,40.659,40.073,39.485,38.626,37.761,37.102,36.439,36.153,35.867,35.658,35.449,35.329,35.209,35.113,35.017,34.782,34.547,34.414,34.281,34.202,34.123,34.474,34.824,35.035,35.245,35.089,34.932,35.203,35.473,35.449,35.425,35.574,35.724,36.177,36.628,36.836,37.043,36.972,36.901,36.658,36.415,36.403,36.391,36.450,36.510,36.456,36.403,36.439,36.474,36.474,36.474,36.361,36.248,36.248,36.248,36.379,36.510,36.628,36.747,36.729,36.711,36.516,36.320,36.028,35.736,35.473,35.209,35.101,34.992,34.842,34.691,34.643,34.595,34.559,34.522,34.619,34.715,34.974,35.233,35.897,36.557,36.836,37.113,37.161,37.208,37.037,36.865,36.699,36.534,36.498,36.462,36.599,36.735,36.836,36.936,37.113,37.290,37.214,37.137,37.332,37.526,37.202,36.877,36.711,36.545,36.462,36.379,36.599,36.818,37.096,37.373,37.402,37.432,37.214,36.995,36.895,36.794,36.688,36.581,36.462,36.344,36.498,36.652,36.859,37.066,37.231,37.396,37.390,37.385,37.438,37.491,37.626,37.761,37.778,37.796,37.737,37.679,37.808,37.937,38.054,38.171,38.054,37.937,37.837,37.737,37.591,37.443,37.414,37.385,37.825,38.264,38.183,38.101,38.071,38.042,38.259,38.475,38.603,38.731,39.109,39.485,39.676,39.866,40.039,40.211,40.165,40.119,40.275,40.430,40.280,40.131,40.188,40.246,40.395,40.544,41.247,41.946,42.550,43.151,43.005,42.859,42.443,42.025,41.247,40.464,40.079,39.693,39.676,39.658,39.676,39.693,39.751,39.809,40.085,40.361,40.899,41.435,42.274,43.106,43.420,43.733,43.157,42.578,41.639,40.693,40.211,39.728,39.549,39.369,39.572,39.774,40.045,40.315,40.682,41.047,41.349,41.651,41.980,42.307,42.634,42.960,42.674,42.386,42.217,42.047,41.940,41.832,41.832,41.832,41.736,41.639,41.480,41.321,41.537,41.753,41.996,42.240,42.008,41.776,41.605,41.435,40.985,40.533,40.573,40.613,40.853,41.093,41.378,41.662,41.224,40.785,40.527,40.269,39.832,39.393,39.323,39.254,39.317,39.381,39.676,39.970,40.332,40.693,40.750,40.808,40.910,41.013,41.298,41.583,41.838,42.093,42.206,42.319,41.929,41.537,41.213,40.888,41.218,41.548,42.115,42.679,42.893,43.106,42.904,42.702,42.403,42.104,41.946


